Type;ZNL6;
Version;1.50;
Date;06.Oct 2026;
Mode;ANALYZER;
Preamplifier;OFF;
Transducer;OFF;
Center Freq;70000000.000000;Hz
Freq Offset;0.000000;Hz
Start;62500000.000000;Hz
Stop;77500000.000000;Hz
Span;15000000.000000;Hz
Ref Level;-35.000000;dBm
Level Offset;0.000000;dB
Rf Att;0.000000;dB
El Att;0.000000;dB
RBW;1000.000000;Hz
VBW;1000.000000;Hz
SWT;0.015200;s
Sweep Count;0;
Window;1;Frequency Sweep
Ref Position;100.000000;%
Level Range;100.000000;dB
x-Axis;LIN;
y-Axis;LOG;
x-Unit;Hz;
y-Unit;dBm;
Trace;1;
Trace Mode;AVERAGE;
Detector;SAMPLE;
Values;1001;
62500000;-123.51397705078125;
62515000;-120.8615875244140625;
62530000;-120.50225067138671875;
62545000;-123.8831634521484375;
62560000;-120.41974639892578125;
62575000;-122.15943145751953125;
62590000;-121.77912139892578125;
62605000;-122.230010986328125;
62620000;-121.7181396484375;
62635000;-122.8217315673828125;
62650000;-122.8384857177734375;
62665000;-121.73804473876953125;
62680000;-124.12659454345703125;
62695000;-123.23778533935546875;
62710000;-123.78527069091796875;
62725000;-124.91313934326171875;
62740000;-122.88306427001953125;
62755000;-123.3284454345703125;
62770000;-120.974029541015625;
62785000;-124.18038177490234375;
62800000;-123.6306304931640625;
62815000;-124.0688629150390625;
62830000;-123.8270263671875;
62845000;-122.40203857421875;
62860000;-123.4183502197265625;
62875000;-122.77762603759765625;
62890000;-122.684600830078125;
62905000;-122.4299468994140625;
62920000;-121.55312347412109375;
62935000;-123.5578765869140625;
62950000;-122.5377197265625;
62965000;-120.82219696044921875;
62980000;-120.9455413818359375;
62995000;-125.325775146484375;
63010000;-122.7865142822265625;
63025000;-122.93897247314453125;
63040000;-124.38573455810546875;
63055000;-123.12073516845703125;
63070000;-123.82437896728515625;
63085000;-122.6982574462890625;
63100000;-121.0249786376953125;
63115000;-122.373443603515625;
63130000;-122.7151031494140625;
63145000;-123.19574737548828125;
63160000;-123.42620086669921875;
63175000;-121.25289154052734375;
63190000;-126.316619873046875;
63205000;-120.97998809814453125;
63220000;-124.88311767578125;
63235000;-127.3675689697265625;
63250000;-123.2401275634765625;
63265000;-122.35457611083984375;
63280000;-123.27266693115234375;
63295000;-121.97487640380859375;
63310000;-122.638397216796875;
63325000;-121.99460601806640625;
63340000;-122.3279876708984375;
63355000;-121.81620025634765625;
63370000;-123.75368499755859375;
63385000;-123.30747222900390625;
63400000;-122.55176544189453125;
63415000;-123.40981292724609375;
63430000;-122.7724609375;
63445000;-124.5150146484375;
63460000;-122.2105560302734375;
63475000;-122.209136962890625;
63490000;-121.18572998046875;
63505000;-122.601043701171875;
63520000;-122.0435791015625;
63535000;-121.9286346435546875;
63550000;-121.5909271240234375;
63565000;-123.90334320068359375;
63580000;-123.93926239013671875;
63595000;-122.2813262939453125;
63610000;-121.51955413818359375;
63625000;-122.65547943115234375;
63640000;-120.6878662109375;
63655000;-122.97330474853515625;
63670000;-123.51892852783203125;
63685000;-120.43679046630859375;
63700000;-123.694488525390625;
63715000;-120.95232391357421875;
63730000;-125.02754974365234375;
63745000;-121.8347320556640625;
63760000;-122.37082672119140625;
63775000;-122.40854644775390625;
63790000;-120.77521514892578125;
63805000;-124.63945770263671875;
63820000;-120.513275146484375;
63835000;-121.62749481201171875;
63850000;-123.0016632080078125;
63865000;-123.3873443603515625;
63880000;-120.6060638427734375;
63895000;-122.3668975830078125;
63910000;-121.77169036865234375;
63925000;-122.44608306884765625;
63940000;-120.54150390625;
63955000;-122.7111053466796875;
63970000;-122.42230224609375;
63985000;-122.05718231201171875;
64000000;-123.31850433349609375;
64015000;-125.76300048828125;
64030000;-122.4903564453125;
64045000;-122.2390594482421875;
64060000;-124.7648773193359375;
64075000;-121.53394317626953125;
64090000;-125.04852294921875;
64105000;-121.2156219482421875;
64120000;-123.78458404541015625;
64135000;-123.53530120849609375;
64150000;-121.1574859619140625;
64165000;-124.492645263671875;
64180000;-121.44950103759765625;
64195000;-125.21877288818359375;
64210000;-120.23602294921875;
64225000;-123.6998748779296875;
64240000;-122.90373992919921875;
64255000;-124.44283294677734375;
64270000;-122.52228546142578125;
64285000;-123.2006683349609375;
64300000;-124.30469512939453125;
64315000;-124.0163116455078125;
64330000;-122.10596466064453125;
64345000;-121.7097015380859375;
64360000;-122.23553466796875;
64375000;-120.44327545166015625;
64390000;-125.17877197265625;
64405000;-123.321441650390625;
64420000;-123.06689453125;
64435000;-124.0487213134765625;
64450000;-119.20020294189453125;
64465000;-122.58757781982421875;
64480000;-120.95871734619140625;
64495000;-121.727142333984375;
64510000;-120.4849853515625;
64525000;-120.83402252197265625;
64540000;-120.86121368408203125;
64555000;-124.36943817138671875;
64570000;-121.993133544921875;
64585000;-120.409454345703125;
64600000;-122.71791839599609375;
64615000;-123.840484619140625;
64630000;-123.29767608642578125;
64645000;-122.37067413330078125;
64660000;-122.477752685546875;
64675000;-124.93084716796875;
64690000;-120.47164154052734375;
64705000;-120.5064544677734375;
64720000;-125.4881591796875;
64735000;-121.9036102294921875;
64750000;-125.19760894775390625;
64765000;-121.65592193603515625;
64780000;-123.27605438232421875;
64795000;-121.095703125;
64810000;-124.67855072021484375;
64825000;-122.38945770263671875;
64840000;-121.70650482177734375;
64855000;-123.0171051025390625;
64870000;-122.51128387451171875;
64885000;-121.69628143310546875;
64900000;-122.89208984375;
64915000;-124.048858642578125;
64930000;-123.17081451416015625;
64945000;-122.8321380615234375;
64960000;-122.6196441650390625;
64975000;-124.8772735595703125;
64990000;-123.482696533203125;
65005000;-123.0998687744140625;
65020000;-123.255157470703125;
65035000;-123.2676849365234375;
65050000;-122.7399749755859375;
65065000;-122.83358001708984375;
65080000;-121.8785400390625;
65095000;-121.47845458984375;
65110000;-121.94936370849609375;
65125000;-123.6609954833984375;
65140000;-121.76731109619140625;
65155000;-121.01857757568359375;
65170000;-122.35120391845703125;
65185000;-121.81945037841796875;
65200000;-124.37195587158203125;
65215000;-121.83217620849609375;
65230000;-123.8473968505859375;
65245000;-121.6649169921875;
65260000;-122.94091796875;
65275000;-121.69759368896484375;
65290000;-121.17266845703125;
65305000;-124.13684844970703125;
65320000;-121.27547454833984375;
65335000;-121.97437286376953125;
65350000;-121.720458984375;
65365000;-122.27866363525390625;
65380000;-124.56127166748046875;
65395000;-120.64678192138671875;
65410000;-120.0400238037109375;
65425000;-121.39792633056640625;
65440000;-122.15212249755859375;
65455000;-122.562164306640625;
65470000;-121.16009521484375;
65485000;-124.08782958984375;
65500000;-121.26384735107421875;
65515000;-123.47710418701171875;
65530000;-121.068511962890625;
65545000;-120.962615966796875;
65560000;-122.4636077880859375;
65575000;-121.22261810302734375;
65590000;-123.61358642578125;
65605000;-123.277191162109375;
65620000;-121.9268798828125;
65635000;-123.87834930419921875;
65650000;-122.92423248291015625;
65665000;-123.18976593017578125;
65680000;-121.894439697265625;
65695000;-123.6265716552734375;
65710000;-123.10309600830078125;
65725000;-121.7821197509765625;
65740000;-120.896728515625;
65755000;-122.28537750244140625;
65770000;-123.9449615478515625;
65785000;-123.17368316650390625;
65800000;-122.1552734375;
65815000;-120.2084808349609375;
65830000;-122.660430908203125;
65845000;-121.4354095458984375;
65860000;-122.0825042724609375;
65875000;-124.2226104736328125;
65890000;-121.99237060546875;
65905000;-122.54410552978515625;
65920000;-123.88103485107421875;
65935000;-120.38370513916015625;
65950000;-121.10160064697265625;
65965000;-121.5672607421875;
65980000;-121.771240234375;
65995000;-124.39414215087890625;
66010000;-120.993682861328125;
66025000;-121.61792755126953125;
66040000;-122.302490234375;
66055000;-121.0551300048828125;
66070000;-122.84268951416015625;
66085000;-122.63025665283203125;
66100000;-120.62142181396484375;
66115000;-121.43268585205078125;
66130000;-122.8917388916015625;
66145000;-121.35223388671875;
66160000;-121.4326019287109375;
66175000;-123.04729461669921875;
66190000;-122.88260650634765625;
66205000;-122.78336334228515625;
66220000;-121.8695220947265625;
66235000;-121.83524322509765625;
66250000;-123.4170379638671875;
66265000;-121.004547119140625;
66280000;-121.989501953125;
66295000;-120.9274139404296875;
66310000;-122.56976318359375;
66325000;-122.6794891357421875;
66340000;-121.35967254638671875;
66355000;-122.47882080078125;
66370000;-123.13773345947265625;
66385000;-120.5346221923828125;
66400000;-124.000640869140625;
66415000;-122.65879058837890625;
66430000;-121.7232513427734375;
66445000;-121.8945465087890625;
66460000;-121.02618408203125;
66475000;-123.16339874267578125;
66490000;-124.8364105224609375;
66505000;-122.17435455322265625;
66520000;-121.66701507568359375;
66535000;-122.7480926513671875;
66550000;-121.1658782958984375;
66565000;-125.4356231689453125;
66580000;-124.7410736083984375;
66595000;-125.33840179443359375;
66610000;-121.38486480712890625;
66625000;-122.1850738525390625;
66640000;-123.90097808837890625;
66655000;-124.1310882568359375;
66670000;-121.5670013427734375;
66685000;-120.92163848876953125;
66700000;-121.65050506591796875;
66715000;-121.13661956787109375;
66730000;-120.7017059326171875;
66745000;-123.87375640869140625;
66760000;-121.3253936767578125;
66775000;-121.2871551513671875;
66790000;-121.30344390869140625;
66805000;-121.96250152587890625;
66820000;-121.1647796630859375;
66835000;-124.67285919189453125;
66850000;-122.3865814208984375;
66865000;-121.3920135498046875;
66880000;-121.668426513671875;
66895000;-122.69744110107421875;
66910000;-121.80681610107421875;
66925000;-123.90027618408203125;
66940000;-121.6410980224609375;
66955000;-122.9384307861328125;
66970000;-120.0662689208984375;
66985000;-120.77317047119140625;
67000000;-122.6939544677734375;
67015000;-123.29816436767578125;
67030000;-123.28560638427734375;
67045000;-121.25173187255859375;
67060000;-123.17171478271484375;
67075000;-122.42409515380859375;
67090000;-123.40062713623046875;
67105000;-122.6355743408203125;
67120000;-122.138397216796875;
67135000;-120.8604278564453125;
67150000;-121.07050323486328125;
67165000;-122.5175323486328125;
67180000;-122.99591064453125;
67195000;-123.687225341796875;
67210000;-122.24295806884765625;
67225000;-123.637664794921875;
67240000;-121.83465576171875;
67255000;-122.6816558837890625;
67270000;-123.0250091552734375;
67285000;-121.234039306640625;
67300000;-121.47698974609375;
67315000;-121.9991607666015625;
67330000;-123.33929443359375;
67345000;-127.4498443603515625;
67360000;-122.43030548095703125;
67375000;-122.767333984375;
67390000;-124.136260986328125;
67405000;-122.746551513671875;
67420000;-120.69618988037109375;
67435000;-119.4183349609375;
67450000;-120.2166290283203125;
67465000;-124.5626678466796875;
67480000;-121.4648590087890625;
67495000;-123.08383941650390625;
67510000;-120.553253173828125;
67525000;-122.623504638671875;
67540000;-121.46484375;
67555000;-123.26175689697265625;
67570000;-122.6923980712890625;
67585000;-122.30246734619140625;
67600000;-122.5324859619140625;
67615000;-125.158477783203125;
67630000;-122.5538330078125;
67645000;-123.35504150390625;
67660000;-122.2218475341796875;
67675000;-122.1409912109375;
67690000;-120.0772552490234375;
67705000;-121.21259307861328125;
67720000;-123.64667510986328125;
67735000;-123.38790130615234375;
67750000;-123.22301483154296875;
67765000;-124.30091094970703125;
67780000;-123.18768310546875;
67795000;-119.815155029296875;
67810000;-120.94091033935546875;
67825000;-123.0578155517578125;
67840000;-119.7046356201171875;
67855000;-122.2501068115234375;
67870000;-123.6974029541015625;
67885000;-122.12725067138671875;
67900000;-122.66037750244140625;
67915000;-121.8278961181640625;
67930000;-123.65343475341796875;
67945000;-121.8623504638671875;
67960000;-121.96663665771484375;
67975000;-121.09926605224609375;
67990000;-122.7531280517578125;
68005000;-121.18881988525390625;
68020000;-124.76369476318359375;
68035000;-122.63411712646484375;
68050000;-123.0063934326171875;
68065000;-122.70536041259765625;
68080000;-124.30725860595703125;
68095000;-123.49123382568359375;
68110000;-121.4155426025390625;
68125000;-121.86560821533203125;
68140000;-124.3364105224609375;
68155000;-122.55103302001953125;
68170000;-123.06209564208984375;
68185000;-122.8772735595703125;
68200000;-123.42096710205078125;
68215000;-122.7537689208984375;
68230000;-125.68579864501953125;
68245000;-122.83940887451171875;
68260000;-123.36826324462890625;
68275000;-121.9384613037109375;
68290000;-123.27848052978515625;
68305000;-124.1236572265625;
68320000;-121.34576416015625;
68335000;-121.48535919189453125;
68350000;-124.02736663818359375;
68365000;-121.938720703125;
68380000;-122.07061004638671875;
68395000;-120.902374267578125;
68410000;-122.3061065673828125;
68425000;-121.81668853759765625;
68440000;-121.37836456298828125;
68455000;-123.70890045166015625;
68470000;-124.60283660888671875;
68485000;-122.79972076416015625;
68500000;-122.796112060546875;
68515000;-121.9889068603515625;
68530000;-121.8077850341796875;
68545000;-121.9359130859375;
68560000;-120.879150390625;
68575000;-121.9571685791015625;
68590000;-121.4259490966796875;
68605000;-122.2586517333984375;
68620000;-123.04636383056640625;
68635000;-119.983673095703125;
68650000;-122.51122283935546875;
68665000;-122.04450225830078125;
68680000;-122.60428619384765625;
68695000;-122.98838043212890625;
68710000;-121.99267578125;
68725000;-121.5442962646484375;
68740000;-121.84143829345703125;
68755000;-122.4854278564453125;
68770000;-123.2224578857421875;
68785000;-121.73654937744140625;
68800000;-121.96466064453125;
68815000;-123.3238372802734375;
68830000;-122.83423614501953125;
68845000;-122.5670928955078125;
68860000;-122.72960662841796875;
68875000;-123.7799224853515625;
68890000;-123.83099365234375;
68905000;-122.36658477783203125;
68920000;-120.868499755859375;
68935000;-122.67740631103515625;
68950000;-124.001251220703125;
68965000;-123.2846221923828125;
68980000;-123.52767181396484375;
68995000;-121.1122894287109375;
69010000;-120.367095947265625;
69025000;-121.9521942138671875;
69040000;-123.34674835205078125;
69055000;-124.32363128662109375;
69070000;-122.24924468994140625;
69085000;-121.475830078125;
69100000;-123.35234832763671875;
69115000;-121.520782470703125;
69130000;-120.928192138671875;
69145000;-122.71392822265625;
69160000;-122.99279022216796875;
69175000;-122.770172119140625;
69190000;-121.6150665283203125;
69205000;-121.68921661376953125;
69220000;-120.88348388671875;
69235000;-120.28143310546875;
69250000;-123.34166717529296875;
69265000;-123.05059051513671875;
69280000;-121.233795166015625;
69295000;-120.5108489990234375;
69310000;-121.73983001708984375;
69325000;-123.72980499267578125;
69340000;-124.92658233642578125;
69355000;-120.59844970703125;
69370000;-123.70307159423828125;
69385000;-123.3086395263671875;
69400000;-122.15245819091796875;
69415000;-121.51202392578125;
69430000;-122.10164642333984375;
69445000;-123.47479248046875;
69460000;-122.61925506591796875;
69475000;-122.74500274658203125;
69490000;-120.252685546875;
69505000;-121.7859344482421875;
69520000;-123.62744140625;
69535000;-123.5163421630859375;
69550000;-122.56890869140625;
69565000;-122.8780670166015625;
69580000;-123.3053436279296875;
69595000;-121.947784423828125;
69610000;-124.69170379638671875;
69625000;-122.82386016845703125;
69640000;-122.25769805908203125;
69655000;-122.6835479736328125;
69670000;-122.045806884765625;
69685000;-123.6431884765625;
69700000;-121.86808013916015625;
69715000;-124.79824066162109375;
69730000;-121.4942626953125;
69745000;-122.98198699951171875;
69760000;-123.09403228759765625;
69775000;-122.12981414794921875;
69790000;-122.8123779296875;
69805000;-122.84918212890625;
69820000;-120.44977569580078125;
69835000;-123.36533355712890625;
69850000;-122.83336639404296875;
69865000;-121.25518035888671875;
69880000;-122.3496551513671875;
69895000;-120.71498870849609375;
69910000;-122.70166015625;
69925000;-121.91241455078125;
69940000;-121.281219482421875;
69955000;-121.5114288330078125;
69970000;-122.55008697509765625;
69985000;-122.576171875;
70000000;-122.222930908203125;
70015000;-122.335357666015625;
70030000;-121.18952178955078125;
70045000;-122.74515533447265625;
70060000;-121.50756072998046875;
70075000;-120.8379058837890625;
70090000;-121.9558868408203125;
70105000;-122.99761199951171875;
70120000;-122.75514984130859375;
70135000;-126.15464019775390625;
70150000;-122.72608184814453125;
70165000;-123.76412200927734375;
70180000;-122.6743316650390625;
70195000;-124.32489013671875;
70210000;-124.99558258056640625;
70225000;-123.25616455078125;
70240000;-124.51248931884765625;
70255000;-125.18415069580078125;
70270000;-123.25012969970703125;
70285000;-124.34542083740234375;
70300000;-121.1032867431640625;
70315000;-120.72168731689453125;
70330000;-123.47829437255859375;
70345000;-121.51470947265625;
70360000;-121.902557373046875;
70375000;-122.70967864990234375;
70390000;-122.3944854736328125;
70405000;-122.35968780517578125;
70420000;-122.36835479736328125;
70435000;-124.085296630859375;
70450000;-123.35506439208984375;
70465000;-122.87340545654296875;
70480000;-120.41613006591796875;
70495000;-124.13246917724609375;
70510000;-121.2749176025390625;
70525000;-122.1871185302734375;
70540000;-123.26154327392578125;
70555000;-124.0999603271484375;
70570000;-122.2965240478515625;
70585000;-125.83200836181640625;
70600000;-122.54131317138671875;
70615000;-122.57123565673828125;
70630000;-121.0162353515625;
70645000;-122.3758697509765625;
70660000;-124.96028900146484375;
70675000;-121.37799835205078125;
70690000;-120.44896697998046875;
70705000;-123.40506744384765625;
70720000;-122.88770294189453125;
70735000;-122.16661834716796875;
70750000;-122.9317169189453125;
70765000;-123.50769805908203125;
70780000;-121.99710845947265625;
70795000;-122.916839599609375;
70810000;-123.98302459716796875;
70825000;-122.313568115234375;
70840000;-123.56397247314453125;
70855000;-122.8090362548828125;
70870000;-120.973236083984375;
70885000;-124.4181976318359375;
70900000;-122.1763916015625;
70915000;-124.30652618408203125;
70930000;-123.83882904052734375;
70945000;-122.367462158203125;
70960000;-123.7816619873046875;
70975000;-123.52443695068359375;
70990000;-123.4014739990234375;
71005000;-123.051239013671875;
71020000;-121.78260040283203125;
71035000;-123.7473907470703125;
71050000;-124.602569580078125;
71065000;-123.03676605224609375;
71080000;-122.2414703369140625;
71095000;-123.00386810302734375;
71110000;-122.70452880859375;
71125000;-123.9981689453125;
71140000;-124.236480712890625;
71155000;-123.22698211669921875;
71170000;-123.23480987548828125;
71185000;-122.838653564453125;
71200000;-123.00350189208984375;
71215000;-119.97011566162109375;
71230000;-124.12458038330078125;
71245000;-121.14429473876953125;
71260000;-123.45822906494140625;
71275000;-123.5628509521484375;
71290000;-121.85296630859375;
71305000;-123.122802734375;
71320000;-122.72360992431640625;
71335000;-122.127838134765625;
71350000;-126.4182586669921875;
71365000;-122.72705841064453125;
71380000;-125.73378753662109375;
71395000;-125.8643798828125;
71410000;-123.86122894287109375;
71425000;-122.5152740478515625;
71440000;-122.42724609375;
71455000;-122.31958770751953125;
71470000;-122.1930389404296875;
71485000;-122.4271697998046875;
71500000;-121.5879974365234375;
71515000;-124.70641326904296875;
71530000;-121.89288330078125;
71545000;-121.96654510498046875;
71560000;-124.39931488037109375;
71575000;-121.6900177001953125;
71590000;-123.08681488037109375;
71605000;-122.992767333984375;
71620000;-122.91024017333984375;
71635000;-122.69528961181640625;
71650000;-123.184906005859375;
71665000;-123.1808319091796875;
71680000;-123.9268951416015625;
71695000;-125.62699127197265625;
71710000;-124.90227508544921875;
71725000;-122.87946319580078125;
71740000;-124.8305511474609375;
71755000;-122.34423828125;
71770000;-122.31760406494140625;
71785000;-122.48199462890625;
71800000;-121.375732421875;
71815000;-123.2791290283203125;
71830000;-124.318267822265625;
71845000;-124.065826416015625;
71860000;-124.89475250244140625;
71875000;-123.92789459228515625;
71890000;-122.83843231201171875;
71905000;-122.70679473876953125;
71920000;-123.4555816650390625;
71935000;-123.8948516845703125;
71950000;-125.1656646728515625;
71965000;-122.59598541259765625;
71980000;-124.457061767578125;
71995000;-123.2568206787109375;
72010000;-122.9510345458984375;
72025000;-123.2475128173828125;
72040000;-121.308441162109375;
72055000;-122.40108489990234375;
72070000;-122.7088165283203125;
72085000;-125.02341461181640625;
72100000;-121.8358001708984375;
72115000;-122.703399658203125;
72130000;-124.64694976806640625;
72145000;-123.7792510986328125;
72160000;-124.1432647705078125;
72175000;-122.8752899169921875;
72190000;-124.2664794921875;
72205000;-121.46387481689453125;
72220000;-127.9720001220703125;
72235000;-124.3656768798828125;
72250000;-121.63507843017578125;
72265000;-122.06571197509765625;
72280000;-123.25240325927734375;
72295000;-119.61800384521484375;
72310000;-122.82633209228515625;
72325000;-123.238189697265625;
72340000;-123.72806549072265625;
72355000;-123.43378448486328125;
72370000;-121.8040618896484375;
72385000;-120.7581329345703125;
72400000;-123.52629852294921875;
72415000;-123.49547576904296875;
72430000;-125.2696075439453125;
72445000;-126.39798736572265625;
72460000;-124.3502655029296875;
72475000;-121.58770751953125;
72490000;-122.57996368408203125;
72505000;-123.18700408935546875;
72520000;-124.16357421875;
72535000;-122.460968017578125;
72550000;-122.6529541015625;
72565000;-122.51091766357421875;
72580000;-123.071624755859375;
72595000;-121.5779876708984375;
72610000;-123.15110015869140625;
72625000;-123.0691680908203125;
72640000;-121.95696258544921875;
72655000;-123.38918304443359375;
72670000;-124.3345489501953125;
72685000;-122.39605712890625;
72700000;-124.6256866455078125;
72715000;-122.84799957275390625;
72730000;-122.704376220703125;
72745000;-123.2548675537109375;
72760000;-124.76204681396484375;
72775000;-123.854034423828125;
72790000;-123.89670562744140625;
72805000;-123.2779693603515625;
72820000;-123.21100616455078125;
72835000;-122.0085906982421875;
72850000;-123.48940277099609375;
72865000;-124.0224609375;
72880000;-122.06024169921875;
72895000;-122.89557647705078125;
72910000;-122.85996246337890625;
72925000;-123.59429168701171875;
72940000;-124.2209625244140625;
72955000;-122.27895355224609375;
72970000;-122.82883453369140625;
72985000;-123.8394927978515625;
73000000;-124.3430328369140625;
73015000;-122.42510986328125;
73030000;-122.68836212158203125;
73045000;-123.29637908935546875;
73060000;-122.23577880859375;
73075000;-122.6013946533203125;
73090000;-122.53765106201171875;
73105000;-123.27191162109375;
73120000;-123.50231170654296875;
73135000;-124.5527496337890625;
73150000;-122.9574127197265625;
73165000;-121.23089599609375;
73180000;-122.0849456787109375;
73195000;-122.52030181884765625;
73210000;-124.64765167236328125;
73225000;-123.792266845703125;
73240000;-122.5567169189453125;
73255000;-122.37281036376953125;
73270000;-123.83737945556640625;
73285000;-123.76647186279296875;
73300000;-123.13323974609375;
73315000;-123.765106201171875;
73330000;-121.88043975830078125;
73345000;-123.04740142822265625;
73360000;-121.56290435791015625;
73375000;-123.79822540283203125;
73390000;-123.28515625;
73405000;-122.949676513671875;
73420000;-122.87432861328125;
73435000;-121.68824005126953125;
73450000;-124.66550445556640625;
73465000;-121.387298583984375;
73480000;-124.9204254150390625;
73495000;-123.0833282470703125;
73510000;-125.08670806884765625;
73525000;-123.19528961181640625;
73540000;-124.383056640625;
73555000;-123.0769195556640625;
73570000;-122.47623443603515625;
73585000;-122.13806915283203125;
73600000;-122.91738128662109375;
73615000;-122.3530731201171875;
73630000;-122.80673980712890625;
73645000;-123.6141204833984375;
73660000;-123.03124237060546875;
73675000;-123.734588623046875;
73690000;-123.61399078369140625;
73705000;-122.54454803466796875;
73720000;-123.43291473388671875;
73735000;-122.079742431640625;
73750000;-123.40840911865234375;
73765000;-122.54863739013671875;
73780000;-122.673828125;
73795000;-124.28009796142578125;
73810000;-124.24135589599609375;
73825000;-122.18099212646484375;
73840000;-121.9414215087890625;
73855000;-122.5226593017578125;
73870000;-123.84438323974609375;
73885000;-121.6884307861328125;
73900000;-121.5615081787109375;
73915000;-122.9453277587890625;
73930000;-122.5701904296875;
73945000;-124.47489166259765625;
73960000;-123.60791015625;
73975000;-126.75550079345703125;
73990000;-122.48064422607421875;
74005000;-125.6024932861328125;
74020000;-124.460845947265625;
74035000;-123.70262908935546875;
74050000;-123.33075714111328125;
74065000;-124.24102783203125;
74080000;-122.0754852294921875;
74095000;-120.502197265625;
74110000;-122.4271697998046875;
74125000;-122.61761474609375;
74140000;-124.238922119140625;
74155000;-121.78412628173828125;
74170000;-124.77536773681640625;
74185000;-123.15796661376953125;
74200000;-122.688995361328125;
74215000;-123.0844268798828125;
74230000;-123.2528076171875;
74245000;-120.21681976318359375;
74260000;-124.638458251953125;
74275000;-125.65289306640625;
74290000;-122.891937255859375;
74305000;-122.32144927978515625;
74320000;-123.69245147705078125;
74335000;-125.09836578369140625;
74350000;-123.62713623046875;
74365000;-123.319366455078125;
74380000;-123.38228607177734375;
74395000;-124.693359375;
74410000;-121.816619873046875;
74425000;-123.13299560546875;
74440000;-123.6358795166015625;
74455000;-125.01715087890625;
74470000;-121.7443389892578125;
74485000;-121.8013916015625;
74500000;-124.1792144775390625;
74515000;-124.16229248046875;
74530000;-121.44892120361328125;
74545000;-122.901275634765625;
74560000;-125.3858489990234375;
74575000;-126.71300506591796875;
74590000;-121.6721954345703125;
74605000;-123.75389862060546875;
74620000;-123.700164794921875;
74635000;-122.03240966796875;
74650000;-122.81516265869140625;
74665000;-124.80605316162109375;
74680000;-123.878997802734375;
74695000;-123.17444610595703125;
74710000;-123.19936370849609375;
74725000;-123.04657745361328125;
74740000;-124.24660491943359375;
74755000;-124.898651123046875;
74770000;-123.15177154541015625;
74785000;-123.637725830078125;
74800000;-122.2303466796875;
74815000;-123.3104705810546875;
74830000;-124.38646697998046875;
74845000;-122.3411712646484375;
74860000;-122.756866455078125;
74875000;-124.30007171630859375;
74890000;-124.1599884033203125;
74905000;-124.9574737548828125;
74920000;-121.9492645263671875;
74935000;-121.40119171142578125;
74950000;-122.6780853271484375;
74965000;-124.665863037109375;
74980000;-120.977783203125;
74995000;-122.75439453125;
75010000;-121.9180908203125;
75025000;-121.73110198974609375;
75040000;-122.6578521728515625;
75055000;-121.97492218017578125;
75070000;-122.62099456787109375;
75085000;-123.28424835205078125;
75100000;-123.9933929443359375;
75115000;-125.5045318603515625;
75130000;-123.43273162841796875;
75145000;-125.66434478759765625;
75160000;-123.14055633544921875;
75175000;-124.7127838134765625;
75190000;-123.06409454345703125;
75205000;-123.469635009765625;
75220000;-122.94146728515625;
75235000;-125.51197052001953125;
75250000;-124.00200653076171875;
75265000;-124.148895263671875;
75280000;-124.6328887939453125;
75295000;-123.6401519775390625;
75310000;-122.28180694580078125;
75325000;-123.1695098876953125;
75340000;-122.80110931396484375;
75355000;-122.9242401123046875;
75370000;-122.83536529541015625;
75385000;-121.69393157958984375;
75400000;-124.7245635986328125;
75415000;-123.983489990234375;
75430000;-121.31195068359375;
75445000;-122.88790130615234375;
75460000;-124.385650634765625;
75475000;-124.5514984130859375;
75490000;-124.50678253173828125;
75505000;-122.42859649658203125;
75520000;-121.99332427978515625;
75535000;-123.972259521484375;
75550000;-121.43071746826171875;
75565000;-123.32013702392578125;
75580000;-123.15598297119140625;
75595000;-121.88006591796875;
75610000;-124.54462432861328125;
75625000;-123.42718505859375;
75640000;-123.27201080322265625;
75655000;-121.792572021484375;
75670000;-122.36992645263671875;
75685000;-122.88805389404296875;
75700000;-122.231231689453125;
75715000;-123.5792999267578125;
75730000;-122.892791748046875;
75745000;-121.11904144287109375;
75760000;-124.30266571044921875;
75775000;-122.73998260498046875;
75790000;-123.7966156005859375;
75805000;-122.2265625;
75820000;-124.6863861083984375;
75835000;-123.86719512939453125;
75850000;-121.5057830810546875;
75865000;-124.60750579833984375;
75880000;-122.1400299072265625;
75895000;-125.10617828369140625;
75910000;-122.1164703369140625;
75925000;-124.06340789794921875;
75940000;-122.97000885009765625;
75955000;-125.65753936767578125;
75970000;-123.23271942138671875;
75985000;-121.97226715087890625;
76000000;-120.8586578369140625;
76015000;-122.55309295654296875;
76030000;-122.98043060302734375;
76045000;-124.19115447998046875;
76060000;-123.3099212646484375;
76075000;-122.239471435546875;
76090000;-123.7431488037109375;
76105000;-124.06046295166015625;
76120000;-123.19823455810546875;
76135000;-121.9925537109375;
76150000;-122.08669281005859375;
76165000;-122.65868377685546875;
76180000;-122.7457122802734375;
76195000;-123.51399993896484375;
76210000;-122.2051544189453125;
76225000;-125.32314300537109375;
76240000;-121.9981689453125;
76255000;-123.93224334716796875;
76270000;-123.3829498291015625;
76285000;-121.94146728515625;
76300000;-121.3786468505859375;
76315000;-122.832427978515625;
76330000;-124.82132720947265625;
76345000;-121.93782806396484375;
76360000;-124.86775970458984375;
76375000;-123.1405487060546875;
76390000;-122.6970977783203125;
76405000;-121.0321502685546875;
76420000;-124.30767059326171875;
76435000;-123.689605712890625;
76450000;-124.39661407470703125;
76465000;-122.53356170654296875;
76480000;-123.6332550048828125;
76495000;-123.22954559326171875;
76510000;-123.78415679931640625;
76525000;-125.14348602294921875;
76540000;-123.44617462158203125;
76555000;-121.6370086669921875;
76570000;-123.12306976318359375;
76585000;-121.5318145751953125;
76600000;-124.95331573486328125;
76615000;-121.75281524658203125;
76630000;-125.0541839599609375;
76645000;-123.50601959228515625;
76660000;-121.84124755859375;
76675000;-122.34391021728515625;
76690000;-125.48047637939453125;
76705000;-120.8989105224609375;
76720000;-123.821502685546875;
76735000;-121.045562744140625;
76750000;-123.03841400146484375;
76765000;-123.3716278076171875;
76780000;-122.60485076904296875;
76795000;-123.083831787109375;
76810000;-120.32097625732421875;
76825000;-121.396820068359375;
76840000;-123.0220184326171875;
76855000;-119.92850494384765625;
76870000;-123.72745513916015625;
76885000;-123.54309844970703125;
76900000;-122.05992889404296875;
76915000;-124.70780181884765625;
76930000;-121.34625244140625;
76945000;-121.17987060546875;
76960000;-123.405548095703125;
76975000;-122.9477081298828125;
76990000;-120.76607513427734375;
77005000;-122.97364044189453125;
77020000;-124.40715789794921875;
77035000;-122.2910308837890625;
77050000;-121.52376556396484375;
77065000;-125.183013916015625;
77080000;-121.04256439208984375;
77095000;-122.74216461181640625;
77110000;-124.89659881591796875;
77125000;-121.0572967529296875;
77140000;-123.270751953125;
77155000;-122.92437744140625;
77170000;-121.28450775146484375;
77185000;-122.3376312255859375;
77200000;-122.14507293701171875;
77215000;-122.03272247314453125;
77230000;-122.293121337890625;
77245000;-120.8472442626953125;
77260000;-121.7690582275390625;
77275000;-118.27957916259765625;
77290000;-121.835968017578125;
77305000;-124.2224578857421875;
77320000;-122.2136688232421875;
77335000;-122.982086181640625;
77350000;-123.8717803955078125;
77365000;-122.96063232421875;
77380000;-122.2180023193359375;
77395000;-122.0714569091796875;
77410000;-122.7669219970703125;
77425000;-123.68157958984375;
77440000;-122.9148101806640625;
77455000;-122.15062713623046875;
77470000;-124.989227294921875;
77485000;-123.06281280517578125;
77500000;-123.33875274658203125;
