Type;ZNL6;
Version;1.50;
Date;06.Oct 2026;
Mode;ANALYZER;
Preamplifier;OFF;
Transducer;OFF;
Center Freq;70000000.000000;Hz
Freq Offset;0.000000;Hz
Start;62500000.000000;Hz
Stop;77500000.000000;Hz
Span;15000000.000000;Hz
Ref Level;-35.000000;dBm
Level Offset;0.000000;dB
Rf Att;0.000000;dB
El Att;0.000000;dB
RBW;1000.000000;Hz
VBW;1000.000000;Hz
SWT;0.015200;s
Sweep Count;0;
Window;1;Frequency Sweep
Ref Position;100.000000;%
Level Range;100.000000;dB
x-Axis;LIN;
y-Axis;LOG;
x-Unit;Hz;
y-Unit;dBm;
Trace;1;
Trace Mode;AVERAGE;
Detector;SAMPLE;
Values;1001;
62500000;-121.5890350341796875;
62515000;-122.45273590087890625;
62530000;-121.31755828857421875;
62545000;-120.17021942138671875;
62560000;-122.7152862548828125;
62575000;-122.94083404541015625;
62590000;-122.6552581787109375;
62605000;-122.81478118896484375;
62620000;-123.188751220703125;
62635000;-121.17385101318359375;
62650000;-123.39807891845703125;
62665000;-121.02556610107421875;
62680000;-123.234588623046875;
62695000;-121.80558013916015625;
62710000;-120.83690643310546875;
62725000;-120.33911895751953125;
62740000;-122.0645904541015625;
62755000;-122.10063934326171875;
62770000;-122.974151611328125;
62785000;-121.434722900390625;
62800000;-122.17836761474609375;
62815000;-120.797027587890625;
62830000;-120.99098968505859375;
62845000;-122.56634521484375;
62860000;-125.15607452392578125;
62875000;-121.9370574951171875;
62890000;-121.75222015380859375;
62905000;-120.91542816162109375;
62920000;-122.4004058837890625;
62935000;-121.32843017578125;
62950000;-119.28682708740234375;
62965000;-120.85158538818359375;
62980000;-121.67888641357421875;
62995000;-120.0434722900390625;
63010000;-121.910369873046875;
63025000;-120.79088592529296875;
63040000;-120.4328765869140625;
63055000;-120.4856414794921875;
63070000;-120.21561431884765625;
63085000;-120.04100799560546875;
63100000;-120.24176025390625;
63115000;-120.44689178466796875;
63130000;-118.82275390625;
63145000;-119.24172210693359375;
63160000;-118.46356964111328125;
63175000;-118.84453582763671875;
63190000;-120.1881256103515625;
63205000;-120.897918701171875;
63220000;-118.53748321533203125;
63235000;-121.4304351806640625;
63250000;-119.64321136474609375;
63265000;-120.55523681640625;
63280000;-119.54706573486328125;
63295000;-119.35494232177734375;
63310000;-118.9117279052734375;
63325000;-117.295135498046875;
63340000;-119.3055572509765625;
63355000;-120.76940155029296875;
63370000;-118.362884521484375;
63385000;-118.7603607177734375;
63400000;-121.75478363037109375;
63415000;-121.18042755126953125;
63430000;-119.51094818115234375;
63445000;-117.9198455810546875;
63460000;-120.75217437744140625;
63475000;-119.34265899658203125;
63490000;-119.37906646728515625;
63505000;-116.12390899658203125;
63520000;-116.87844085693359375;
63535000;-122.95914459228515625;
63550000;-115.5895538330078125;
63565000;-116.42964935302734375;
63580000;-117.07913970947265625;
63595000;-117.1116943359375;
63610000;-119.10883331298828125;
63625000;-116.4928131103515625;
63640000;-117.0133514404296875;
63655000;-117.20473480224609375;
63670000;-117.468475341796875;
63685000;-117.513092041015625;
63700000;-116.10774993896484375;
63715000;-116.86168670654296875;
63730000;-116.5090179443359375;
63745000;-115.9288177490234375;
63760000;-115.98215484619140625;
63775000;-116.24999237060546875;
63790000;-119.17791748046875;
63805000;-120.15643310546875;
63820000;-117.58678436279296875;
63835000;-120.5497589111328125;
63850000;-118.82500457763671875;
63865000;-120.898468017578125;
63880000;-120.466766357421875;
63895000;-120.098388671875;
63910000;-118.4666290283203125;
63925000;-119.1641082763671875;
63940000;-120.0313262939453125;
63955000;-117.7794189453125;
63970000;-118.8205108642578125;
63985000;-115.99277496337890625;
64000000;-116.4841766357421875;
64015000;-117.14286041259765625;
64030000;-119.2786102294921875;
64045000;-118.04906463623046875;
64060000;-116.916900634765625;
64075000;-115.41143798828125;
64090000;-116.11161041259765625;
64105000;-117.59603118896484375;
64120000;-118.226470947265625;
64135000;-119.49428558349609375;
64150000;-120.0720672607421875;
64165000;-119.01772308349609375;
64180000;-118.13272857666015625;
64195000;-118.90183258056640625;
64210000;-117.7264404296875;
64225000;-119.4514312744140625;
64240000;-116.6185150146484375;
64255000;-116.16046905517578125;
64270000;-114.171539306640625;
64285000;-118.51445770263671875;
64300000;-117.62010955810546875;
64315000;-115.1212310791015625;
64330000;-117.283233642578125;
64345000;-117.3609161376953125;
64360000;-117.251129150390625;
64375000;-117.18402862548828125;
64390000;-118.44815826416015625;
64405000;-119.0810089111328125;
64420000;-116.11721038818359375;
64435000;-117.605377197265625;
64450000;-118.196441650390625;
64465000;-120.33062744140625;
64480000;-120.4026641845703125;
64495000;-120.6720428466796875;
64510000;-120.20166778564453125;
64525000;-118.192474365234375;
64540000;-119.82398223876953125;
64555000;-119.72991943359375;
64570000;-120.64589691162109375;
64585000;-119.5429229736328125;
64600000;-122.1722259521484375;
64615000;-122.67315673828125;
64630000;-117.220794677734375;
64645000;-118.9309539794921875;
64660000;-122.0531768798828125;
64675000;-121.60907745361328125;
64690000;-119.95638275146484375;
64705000;-121.069000244140625;
64720000;-122.10523223876953125;
64735000;-123.59148406982421875;
64750000;-124.727752685546875;
64765000;-122.04467010498046875;
64780000;-122.5645904541015625;
64795000;-120.693878173828125;
64810000;-121.35443115234375;
64825000;-122.81075286865234375;
64840000;-119.57532501220703125;
64855000;-121.61822509765625;
64870000;-121.3674774169921875;
64885000;-122.34032440185546875;
64900000;-122.9386138916015625;
64915000;-122.3050384521484375;
64930000;-122.12186431884765625;
64945000;-122.04852294921875;
64960000;-122.50940704345703125;
64975000;-120.20001220703125;
64990000;-120.6690521240234375;
65005000;-123.95525360107421875;
65020000;-122.25800323486328125;
65035000;-121.07581329345703125;
65050000;-124.63251495361328125;
65065000;-122.17365264892578125;
65080000;-124.55328369140625;
65095000;-123.60894012451171875;
65110000;-120.97972869873046875;
65125000;-123.81446075439453125;
65140000;-119.34926605224609375;
65155000;-119.8294525146484375;
65170000;-121.150726318359375;
65185000;-120.56589508056640625;
65200000;-120.1060638427734375;
65215000;-119.0803680419921875;
65230000;-121.40570068359375;
65245000;-121.227203369140625;
65260000;-118.21709442138671875;
65275000;-120.2450408935546875;
65290000;-121.32745361328125;
65305000;-119.3694000244140625;
65320000;-120.12310791015625;
65335000;-119.97977447509765625;
65350000;-119.8421478271484375;
65365000;-119.9088134765625;
65380000;-119.66582489013671875;
65395000;-117.639068603515625;
65410000;-118.03508758544921875;
65425000;-117.95446014404296875;
65440000;-116.60488128662109375;
65455000;-120.57756805419921875;
65470000;-117.57988739013671875;
65485000;-119.71448516845703125;
65500000;-119.21836090087890625;
65515000;-118.55208587646484375;
65530000;-119.538482666015625;
65545000;-119.408477783203125;
65560000;-120.65247344970703125;
65575000;-119.149200439453125;
65590000;-118.21474456787109375;
65605000;-117.85329437255859375;
65620000;-117.0281219482421875;
65635000;-116.16412353515625;
65650000;-119.67581939697265625;
65665000;-116.39023590087890625;
65680000;-119.63161468505859375;
65695000;-117.47080230712890625;
65710000;-115.7425079345703125;
65725000;-114.38097381591796875;
65740000;-116.36930084228515625;
65755000;-115.053375244140625;
65770000;-116.58173370361328125;
65785000;-115.8680877685546875;
65800000;-114.39945220947265625;
65815000;-117.22452545166015625;
65830000;-116.75521087646484375;
65845000;-115.8050384521484375;
65860000;-115.65590667724609375;
65875000;-115.60382843017578125;
65890000;-115.95090484619140625;
65905000;-119.91168975830078125;
65920000;-117.3510589599609375;
65935000;-117.692413330078125;
65950000;-118.77606201171875;
65965000;-115.3359375;
65980000;-118.83165740966796875;
65995000;-119.65949249267578125;
66010000;-118.9572296142578125;
66025000;-118.47235107421875;
66040000;-117.1781463623046875;
66055000;-117.9549407958984375;
66070000;-115.82611083984375;
66085000;-114.654998779296875;
66100000;-112.71643829345703125;
66115000;-116.25658416748046875;
66130000;-114.97774505615234375;
66145000;-113.825042724609375;
66160000;-114.70694732666015625;
66175000;-114.0321044921875;
66190000;-115.7784423828125;
66205000;-116.2952880859375;
66220000;-116.3262786865234375;
66235000;-116.0423431396484375;
66250000;-117.13889312744140625;
66265000;-118.43195343017578125;
66280000;-118.3121185302734375;
66295000;-118.91873931884765625;
66310000;-117.18465423583984375;
66325000;-115.56354522705078125;
66340000;-112.597076416015625;
66355000;-113.93866729736328125;
66370000;-110.44736480712890625;
66385000;-110.06034088134765625;
66400000;-112.5873260498046875;
66415000;-111.04399871826171875;
66430000;-110.9220428466796875;
66445000;-111.16770172119140625;
66460000;-106.93627166748046875;
66475000;-109.23846435546875;
66490000;-109.18143463134765625;
66505000;-109.847869873046875;
66520000;-112.79376983642578125;
66535000;-110.67176055908203125;
66550000;-112.39600372314453125;
66565000;-110.465911865234375;
66580000;-114.65790557861328125;
66595000;-113.29753875732421875;
66610000;-114.432159423828125;
66625000;-114.748382568359375;
66640000;-117.24784088134765625;
66655000;-120.47901153564453125;
66670000;-119.6954193115234375;
66685000;-119.5375823974609375;
66700000;-119.96160125732421875;
66715000;-119.536590576171875;
66730000;-118.50045013427734375;
66745000;-116.103546142578125;
66760000;-117.03540802001953125;
66775000;-113.792724609375;
66790000;-117.8036346435546875;
66805000;-114.00548553466796875;
66820000;-116.7120819091796875;
66835000;-117.17679595947265625;
66850000;-114.5157318115234375;
66865000;-113.7469482421875;
66880000;-117.43164825439453125;
66895000;-120.6533355712890625;
66910000;-117.09308624267578125;
66925000;-115.61379241943359375;
66940000;-117.08274078369140625;
66955000;-116.7362518310546875;
66970000;-119.407806396484375;
66985000;-117.15247344970703125;
67000000;-116.1783905029296875;
67015000;-117.13539886474609375;
67030000;-116.79868316650390625;
67045000;-117.0441131591796875;
67060000;-120.44012451171875;
67075000;-119.591064453125;
67090000;-118.36019134521484375;
67105000;-117.50852203369140625;
67120000;-120.5733795166015625;
67135000;-117.23632049560546875;
67150000;-118.152008056640625;
67165000;-121.814178466796875;
67180000;-120.1247100830078125;
67195000;-120.97743988037109375;
67210000;-120.15036773681640625;
67225000;-120.2441558837890625;
67240000;-121.01183319091796875;
67255000;-122.1972198486328125;
67270000;-118.91547393798828125;
67285000;-122.93056488037109375;
67300000;-122.99031829833984375;
67315000;-122.62490081787109375;
67330000;-121.70818328857421875;
67345000;-119.15901947021484375;
67360000;-120.61234283447265625;
67375000;-121.44324493408203125;
67390000;-121.90599822998046875;
67405000;-119.8043212890625;
67420000;-122.98976898193359375;
67435000;-120.5074310302734375;
67450000;-122.81111907958984375;
67465000;-119.90007781982421875;
67480000;-120.44986724853515625;
67495000;-122.25347900390625;
67510000;-122.17084503173828125;
67525000;-122.058349609375;
67540000;-121.3703155517578125;
67555000;-124.1191864013671875;
67570000;-121.10052490234375;
67585000;-121.3895721435546875;
67600000;-124.135467529296875;
67615000;-121.1838531494140625;
67630000;-119.9085540771484375;
67645000;-119.51860809326171875;
67660000;-118.58062744140625;
67675000;-120.190032958984375;
67690000;-119.5395050048828125;
67705000;-119.81938934326171875;
67720000;-118.34142303466796875;
67735000;-119.203033447265625;
67750000;-119.37813568115234375;
67765000;-117.88525390625;
67780000;-115.35767364501953125;
67795000;-114.5076141357421875;
67810000;-113.32733154296875;
67825000;-113.1454315185546875;
67840000;-113.17376708984375;
67855000;-110.47100067138671875;
67870000;-107.7359466552734375;
67885000;-106.7267303466796875;
67900000;-104.6170501708984375;
67915000;-102.8014068603515625;
67930000;-103.325439453125;
67945000;-100.83042144775390625;
67960000;-98.970184326171875;
67975000;-97.36138916015625;
67990000;-93.6717376708984375;
68005000;-93.9369049072265625;
68020000;-94.70920562744140625;
68035000;-90.06279754638671875;
68050000;-87.98388671875;
68065000;-87.43169403076171875;
68080000;-89.48703765869140625;
68095000;-84.918609619140625;
68110000;-84.94905853271484375;
68125000;-82.371185302734375;
68140000;-84.85363006591796875;
68155000;-80.1728515625;
68170000;-80.2154083251953125;
68185000;-77.76610565185546875;
68200000;-78.504913330078125;
68215000;-77.23131561279296875;
68230000;-76.09891510009765625;
68245000;-76.737213134765625;
68260000;-74.1033782958984375;
68275000;-72.10703277587890625;
68290000;-73.2370452880859375;
68305000;-69.1038665771484375;
68320000;-73.42987060546875;
68335000;-71.02703094482421875;
68350000;-70.84691619873046875;
68365000;-71.29010772705078125;
68380000;-67.659637451171875;
68395000;-67.74210357666015625;
68410000;-67.1804962158203125;
68425000;-67.6739044189453125;
68440000;-66.0478973388671875;
68455000;-64.5955810546875;
68470000;-66.381378173828125;
68485000;-64.15752410888671875;
68500000;-63.7520599365234375;
68515000;-64.35669708251953125;
68530000;-63.478336334228515625;
68545000;-65.553466796875;
68560000;-61.145763397216796875;
68575000;-62.03173828125;
68590000;-61.173801422119140625;
68605000;-61.249782562255859375;
68620000;-60.355350494384765625;
68635000;-59.631412506103515625;
68650000;-61.890350341796875;
68665000;-60.121089935302734375;
68680000;-59.830036163330078125;
68695000;-60.3438568115234375;
68710000;-57.189300537109375;
68725000;-59.790805816650390625;
68740000;-56.01434326171875;
68755000;-55.609027862548828125;
68770000;-56.78399658203125;
68785000;-56.419399261474609375;
68800000;-56.650363922119140625;
68815000;-57.344806671142578125;
68830000;-56.443210601806640625;
68845000;-57.082462310791015625;
68860000;-58.243778228759765625;
68875000;-55.6963043212890625;
68890000;-56.990474700927734375;
68905000;-55.96903228759765625;
68920000;-53.84041595458984375;
68935000;-55.582378387451171875;
68950000;-56.66249847412109375;
68965000;-52.35916900634765625;
68980000;-57.4235382080078125;
68995000;-54.101467132568359375;
69010000;-56.197246551513671875;
69025000;-54.34991455078125;
69040000;-57.091785430908203125;
69055000;-54.352420806884765625;
69070000;-55.503376007080078125;
69085000;-53.223785400390625;
69100000;-54.595310211181640625;
69115000;-54.5671234130859375;
69130000;-53.372829437255859375;
69145000;-52.73575592041015625;
69160000;-52.625553131103515625;
69175000;-55.420703887939453125;
69190000;-55.429088592529296875;
69205000;-52.921970367431640625;
69220000;-53.958648681640625;
69235000;-53.923725128173828125;
69250000;-52.921085357666015625;
69265000;-51.72766876220703125;
69280000;-51.915252685546875;
69295000;-52.2994537353515625;
69310000;-52.034839630126953125;
69325000;-54.78902435302734375;
69340000;-52.685211181640625;
69355000;-53.134429931640625;
69370000;-52.161090850830078125;
69385000;-51.975254058837890625;
69400000;-53.929534912109375;
69415000;-53.487060546875;
69430000;-57.342754364013671875;
69445000;-51.549526214599609375;
69460000;-53.47510528564453125;
69475000;-52.72661590576171875;
69490000;-53.010311126708984375;
69505000;-55.818279266357421875;
69520000;-52.32479095458984375;
69535000;-54.740390777587890625;
69550000;-51.987415313720703125;
69565000;-52.5182037353515625;
69580000;-52.995922088623046875;
69595000;-51.89926910400390625;
69610000;-53.706172943115234375;
69625000;-55.379756927490234375;
69640000;-52.847660064697265625;
69655000;-53.415813446044921875;
69670000;-56.03929901123046875;
69685000;-51.48769378662109375;
69700000;-53.44945526123046875;
69715000;-53.417057037353515625;
69730000;-53.837734222412109375;
69745000;-55.02547454833984375;
69760000;-53.6884307861328125;
69775000;-52.52880859375;
69790000;-52.992855072021484375;
69805000;-53.1712799072265625;
69820000;-54.410175323486328125;
69835000;-51.154193878173828125;
69850000;-51.43938446044921875;
69865000;-53.24529266357421875;
69880000;-52.6308441162109375;
69895000;-53.496295928955078125;
69910000;-53.343555450439453125;
69925000;-52.415615081787109375;
69940000;-51.08698272705078125;
69955000;-52.982666015625;
69970000;-52.01970672607421875;
69985000;-52.729888916015625;
70000000;-52.8261871337890625;
70015000;-52.18204498291015625;
70030000;-52.67861175537109375;
70045000;-50.783718109130859375;
70060000;-53.19146728515625;
70075000;-53.788951873779296875;
70090000;-53.639759063720703125;
70105000;-51.684909820556640625;
70120000;-53.817333221435546875;
70135000;-52.948711395263671875;
70150000;-53.187816619873046875;
70165000;-55.4781646728515625;
70180000;-54.579502105712890625;
70195000;-52.040508270263671875;
70210000;-53.8219757080078125;
70225000;-53.5430145263671875;
70240000;-57.43445587158203125;
70255000;-55.1502532958984375;
70270000;-52.71905517578125;
70285000;-53.442287445068359375;
70300000;-54.6820831298828125;
70315000;-56.1651611328125;
70330000;-56.773105621337890625;
70345000;-54.293182373046875;
70360000;-52.97779083251953125;
70375000;-53.828136444091796875;
70390000;-54.23845672607421875;
70405000;-53.8739471435546875;
70420000;-54.962371826171875;
70435000;-52.26207733154296875;
70450000;-54.48028564453125;
70465000;-52.74720001220703125;
70480000;-54.29949951171875;
70495000;-54.73630523681640625;
70510000;-57.080776214599609375;
70525000;-56.352130889892578125;
70540000;-53.442882537841796875;
70555000;-55.569454193115234375;
70570000;-53.063861846923828125;
70585000;-56.196048736572265625;
70600000;-56.88399505615234375;
70615000;-55.49578857421875;
70630000;-53.496673583984375;
70645000;-52.654262542724609375;
70660000;-55.727497100830078125;
70675000;-54.572021484375;
70690000;-53.362361907958984375;
70705000;-52.89894866943359375;
70720000;-53.704593658447265625;
70735000;-55.4915924072265625;
70750000;-55.171894073486328125;
70765000;-57.328121185302734375;
70780000;-54.89153289794921875;
70795000;-55.33933258056640625;
70810000;-54.896942138671875;
70825000;-53.27851104736328125;
70840000;-53.0020599365234375;
70855000;-54.478084564208984375;
70870000;-56.4871978759765625;
70885000;-58.43695831298828125;
70900000;-57.3653106689453125;
70915000;-54.838863372802734375;
70930000;-59.00732421875;
70945000;-57.853424072265625;
70960000;-56.413425445556640625;
70975000;-56.938526153564453125;
70990000;-57.2344512939453125;
71005000;-58.417537689208984375;
71020000;-55.855167388916015625;
71035000;-59.444454193115234375;
71050000;-56.44629669189453125;
71065000;-58.43355560302734375;
71080000;-58.332820892333984375;
71095000;-58.502277374267578125;
71110000;-58.242710113525390625;
71125000;-59.27288055419921875;
71140000;-58.610218048095703125;
71155000;-59.882781982421875;
71170000;-62.02390289306640625;
71185000;-59.0815582275390625;
71200000;-57.5171661376953125;
71215000;-60.92926788330078125;
71230000;-60.251461029052734375;
71245000;-59.95128631591796875;
71260000;-62.992290496826171875;
71275000;-61.560985565185546875;
71290000;-67.01607513427734375;
71305000;-64.38483428955078125;
71320000;-63.990192413330078125;
71335000;-62.5155792236328125;
71350000;-64.7449493408203125;
71365000;-61.617767333984375;
71380000;-66.4373016357421875;
71395000;-65.893524169921875;
71410000;-65.311767578125;
71425000;-63.96848297119140625;
71440000;-69.62674713134765625;
71455000;-68.9553985595703125;
71470000;-68.474517822265625;
71485000;-67.6279296875;
71500000;-70.874481201171875;
71515000;-69.7181549072265625;
71530000;-69.20899200439453125;
71545000;-68.700164794921875;
71560000;-71.4140472412109375;
71575000;-73.45491790771484375;
71590000;-72.82517242431640625;
71605000;-75.4604644775390625;
71620000;-74.8460540771484375;
71635000;-75.2596588134765625;
71650000;-76.01880645751953125;
71665000;-78.26758575439453125;
71680000;-75.42279815673828125;
71695000;-78.1189422607421875;
71710000;-76.4608612060546875;
71725000;-80.56058502197265625;
71740000;-81.0655670166015625;
71755000;-80.9134674072265625;
71770000;-84.35694122314453125;
71785000;-82.9560394287109375;
71800000;-87.0012969970703125;
71815000;-85.157012939453125;
71830000;-86.54229736328125;
71845000;-89.76964569091796875;
71860000;-91.38001251220703125;
71875000;-94.65805816650390625;
71890000;-90.6024169921875;
71905000;-99.04993438720703125;
71920000;-97.58712005615234375;
71935000;-95.8657073974609375;
71950000;-99.5187530517578125;
71965000;-101.715728759765625;
71980000;-106.76306915283203125;
71995000;-103.70981597900390625;
72010000;-105.231781005859375;
72025000;-107.565887451171875;
72040000;-110.775787353515625;
72055000;-108.58356475830078125;
72070000;-113.37436676025390625;
72085000;-113.9796142578125;
72100000;-115.6136932373046875;
72115000;-113.25643157958984375;
72130000;-114.6860198974609375;
72145000;-118.321075439453125;
72160000;-119.59526824951171875;
72175000;-118.2680816650390625;
72190000;-121.92376708984375;
72205000;-119.1385345458984375;
72220000;-120.54727935791015625;
72235000;-121.2977142333984375;
72250000;-121.18515777587890625;
72265000;-121.39421844482421875;
72280000;-120.721221923828125;
72295000;-122.8061981201171875;
72310000;-121.89707183837890625;
72325000;-121.6355133056640625;
72340000;-124.6659393310546875;
72355000;-122.01473236083984375;
72370000;-122.3302001953125;
72385000;-120.98398590087890625;
72400000;-120.79265594482421875;
72415000;-123.5012969970703125;
72430000;-121.6225128173828125;
72445000;-120.47054290771484375;
72460000;-121.71106719970703125;
72475000;-123.181121826171875;
72490000;-120.88019561767578125;
72505000;-123.15702056884765625;
72520000;-121.86423492431640625;
72535000;-121.8814544677734375;
72550000;-122.5792388916015625;
72565000;-122.392974853515625;
72580000;-120.8081512451171875;
72595000;-123.80413055419921875;
72610000;-122.779388427734375;
72625000;-121.57256317138671875;
72640000;-124.21936798095703125;
72655000;-121.826751708984375;
72670000;-121.6100006103515625;
72685000;-121.0104217529296875;
72700000;-121.7656402587890625;
72715000;-125.56021881103515625;
72730000;-121.287078857421875;
72745000;-119.6584014892578125;
72760000;-121.73476409912109375;
72775000;-119.90704345703125;
72790000;-120.27802276611328125;
72805000;-119.7368316650390625;
72820000;-123.0861968994140625;
72835000;-121.5640869140625;
72850000;-119.9485321044921875;
72865000;-124.54850006103515625;
72880000;-122.59145355224609375;
72895000;-121.2404937744140625;
72910000;-121.30059051513671875;
72925000;-121.4918365478515625;
72940000;-123.6805267333984375;
72955000;-121.8869781494140625;
72970000;-119.58470916748046875;
72985000;-119.809600830078125;
73000000;-119.69036102294921875;
73015000;-118.38339996337890625;
73030000;-120.21636199951171875;
73045000;-120.531463623046875;
73060000;-121.20379638671875;
73075000;-118.74585723876953125;
73090000;-120.6671905517578125;
73105000;-120.7646331787109375;
73120000;-119.84481048583984375;
73135000;-118.72914886474609375;
73150000;-119.54940032958984375;
73165000;-118.45661163330078125;
73180000;-120.2957000732421875;
73195000;-119.067352294921875;
73210000;-120.05138397216796875;
73225000;-119.2987060546875;
73240000;-118.20510101318359375;
73255000;-116.72553253173828125;
73270000;-120.7979583740234375;
73285000;-118.73663330078125;
73300000;-116.26348876953125;
73315000;-119.589630126953125;
73330000;-117.88838958740234375;
73345000;-115.89312744140625;
73360000;-116.905059814453125;
73375000;-119.5956268310546875;
73390000;-117.86530303955078125;
73405000;-121.6470184326171875;
73420000;-116.93538665771484375;
73435000;-118.795867919921875;
73450000;-119.159942626953125;
73465000;-119.5561065673828125;
73480000;-119.9727325439453125;
73495000;-119.7826385498046875;
73510000;-118.00826263427734375;
73525000;-120.09914398193359375;
73540000;-121.71424102783203125;
73555000;-120.26573944091796875;
73570000;-120.81204986572265625;
73585000;-119.88922119140625;
73600000;-119.1194915771484375;
73615000;-119.4294586181640625;
73630000;-119.309844970703125;
73645000;-117.77724456787109375;
73660000;-121.9668121337890625;
73675000;-118.53553009033203125;
73690000;-120.22406005859375;
73705000;-116.9993896484375;
73720000;-118.4326934814453125;
73735000;-117.768707275390625;
73750000;-115.8443450927734375;
73765000;-118.5434722900390625;
73780000;-118.4844818115234375;
73795000;-118.51363372802734375;
73810000;-119.32224273681640625;
73825000;-119.6862640380859375;
73840000;-117.17142486572265625;
73855000;-118.86003875732421875;
73870000;-119.3082122802734375;
73885000;-119.67138671875;
73900000;-120.7626495361328125;
73915000;-120.29579925537109375;
73930000;-122.12506866455078125;
73945000;-120.94380950927734375;
73960000;-120.1854400634765625;
73975000;-123.10312652587890625;
73990000;-119.372283935546875;
74005000;-121.33126068115234375;
74020000;-121.08728790283203125;
74035000;-120.25919342041015625;
74050000;-119.9857025146484375;
74065000;-119.75213623046875;
74080000;-120.5831298828125;
74095000;-118.92138671875;
74110000;-119.6430206298828125;
74125000;-119.52483367919921875;
74140000;-121.68401336669921875;
74155000;-124.75856781005859375;
74170000;-120.68218994140625;
74185000;-120.0601806640625;
74200000;-120.402252197265625;
74215000;-121.20977020263671875;
74230000;-121.3148040771484375;
74245000;-123.20343017578125;
74260000;-119.56451416015625;
74275000;-121.154083251953125;
74290000;-118.7152862548828125;
74305000;-121.26840972900390625;
74320000;-122.57108306884765625;
74335000;-121.985992431640625;
74350000;-121.47747802734375;
74365000;-119.213409423828125;
74380000;-123.0957794189453125;
74395000;-121.10639190673828125;
74410000;-120.7054443359375;
74425000;-120.4027557373046875;
74440000;-120.4966278076171875;
74455000;-122.2197265625;
74470000;-120.58013916015625;
74485000;-121.24967193603515625;
74500000;-123.9705810546875;
74515000;-121.72647857666015625;
74530000;-121.33746337890625;
74545000;-123.28057098388671875;
74560000;-121.5784149169921875;
74575000;-124.865570068359375;
74590000;-122.284637451171875;
74605000;-121.18534088134765625;
74620000;-121.81298065185546875;
74635000;-122.94481658935546875;
74650000;-122.96379852294921875;
74665000;-122.37413787841796875;
74680000;-123.99044036865234375;
74695000;-125.06053924560546875;
74710000;-121.8115081787109375;
74725000;-123.08733367919921875;
74740000;-122.48657989501953125;
74755000;-122.61331939697265625;
74770000;-124.3016204833984375;
74785000;-124.9031524658203125;
74800000;-122.345977783203125;
74815000;-124.06341552734375;
74830000;-122.797332763671875;
74845000;-124.0460968017578125;
74860000;-123.08675384521484375;
74875000;-121.366485595703125;
74890000;-126.1994476318359375;
74905000;-123.42952728271484375;
74920000;-125.66716766357421875;
74935000;-123.73929595947265625;
74950000;-123.05374908447265625;
74965000;-124.22365570068359375;
74980000;-122.51178741455078125;
74995000;-122.3971405029296875;
75010000;-123.5470428466796875;
75025000;-123.3437042236328125;
75040000;-121.9738922119140625;
75055000;-123.5885162353515625;
75070000;-123.9506988525390625;
75085000;-122.55504608154296875;
75100000;-124.91327667236328125;
75115000;-122.05572509765625;
75130000;-123.781890869140625;
75145000;-125.4374237060546875;
75160000;-123.133209228515625;
75175000;-122.61382293701171875;
75190000;-121.96076202392578125;
75205000;-122.03559112548828125;
75220000;-124.01941680908203125;
75235000;-121.515899658203125;
75250000;-122.10406494140625;
75265000;-123.604461669921875;
75280000;-122.1292266845703125;
75295000;-122.25545501708984375;
75310000;-123.897003173828125;
75325000;-124.03391265869140625;
75340000;-123.97035980224609375;
75355000;-122.66977691650390625;
75370000;-124.71538543701171875;
75385000;-125.126007080078125;
75400000;-124.36699676513671875;
75415000;-120.72711181640625;
75430000;-119.812744140625;
75445000;-124.4176025390625;
75460000;-122.8204803466796875;
75475000;-124.07923126220703125;
75490000;-121.637176513671875;
75505000;-122.13822174072265625;
75520000;-123.501922607421875;
75535000;-122.54315948486328125;
75550000;-123.57398223876953125;
75565000;-120.27698516845703125;
75580000;-121.28861236572265625;
75595000;-121.1014404296875;
75610000;-120.3520050048828125;
75625000;-122.28505706787109375;
75640000;-122.4119873046875;
75655000;-121.6103668212890625;
75670000;-120.4063568115234375;
75685000;-122.41188812255859375;
75700000;-122.84500885009765625;
75715000;-121.81867218017578125;
75730000;-121.3279266357421875;
75745000;-123.272796630859375;
75760000;-122.46490478515625;
75775000;-123.6234130859375;
75790000;-120.7855682373046875;
75805000;-123.19957733154296875;
75820000;-122.949951171875;
75835000;-123.7282867431640625;
75850000;-120.24710845947265625;
75865000;-121.048797607421875;
75880000;-120.4633636474609375;
75895000;-121.41439056396484375;
75910000;-122.38016510009765625;
75925000;-122.36563873291015625;
75940000;-122.6074676513671875;
75955000;-122.2705535888671875;
75970000;-122.77140045166015625;
75985000;-122.4461517333984375;
76000000;-122.0339813232421875;
76015000;-120.95566558837890625;
76030000;-121.060150146484375;
76045000;-121.639190673828125;
76060000;-121.962554931640625;
76075000;-120.23101806640625;
76090000;-125.5624542236328125;
76105000;-121.11932373046875;
76120000;-120.3497314453125;
76135000;-122.0521697998046875;
76150000;-122.49285888671875;
76165000;-122.14337921142578125;
76180000;-121.542022705078125;
76195000;-121.12180328369140625;
76210000;-120.968994140625;
76225000;-121.34763336181640625;
76240000;-120.892669677734375;
76255000;-122.02840423583984375;
76270000;-121.3111724853515625;
76285000;-122.8007049560546875;
76300000;-120.100860595703125;
76315000;-123.829620361328125;
76330000;-124.6912384033203125;
76345000;-121.00665283203125;
76360000;-119.3942108154296875;
76375000;-123.2032470703125;
76390000;-122.37871551513671875;
76405000;-120.0362396240234375;
76420000;-121.5748443603515625;
76435000;-120.4868011474609375;
76450000;-122.06683349609375;
76465000;-121.168182373046875;
76480000;-120.23925018310546875;
76495000;-121.04578399658203125;
76510000;-122.439453125;
76525000;-120.5364532470703125;
76540000;-124.38533782958984375;
76555000;-121.57568359375;
76570000;-124.40621185302734375;
76585000;-121.28958892822265625;
76600000;-121.798492431640625;
76615000;-121.873321533203125;
76630000;-123.0703277587890625;
76645000;-122.37828826904296875;
76660000;-119.59930419921875;
76675000;-121.7353057861328125;
76690000;-121.2309112548828125;
76705000;-121.15789794921875;
76720000;-121.9715423583984375;
76735000;-122.86531829833984375;
76750000;-122.0242919921875;
76765000;-121.143585205078125;
76780000;-122.43698883056640625;
76795000;-123.1811370849609375;
76810000;-122.84706878662109375;
76825000;-120.56523895263671875;
76840000;-122.75093841552734375;
76855000;-121.2254486083984375;
76870000;-121.95257568359375;
76885000;-123.08835601806640625;
76900000;-122.01453399658203125;
76915000;-121.8393402099609375;
76930000;-122.4545745849609375;
76945000;-121.0916595458984375;
76960000;-122.05529022216796875;
76975000;-122.1315765380859375;
76990000;-123.0071563720703125;
77005000;-121.5161895751953125;
77020000;-123.05462646484375;
77035000;-123.93144989013671875;
77050000;-121.9369354248046875;
77065000;-124.69583892822265625;
77080000;-121.8819580078125;
77095000;-125.65132904052734375;
77110000;-120.311309814453125;
77125000;-120.780517578125;
77140000;-121.8040008544921875;
77155000;-119.8199310302734375;
77170000;-122.0986328125;
77185000;-121.28812408447265625;
77200000;-121.659637451171875;
77215000;-120.92005157470703125;
77230000;-121.72859954833984375;
77245000;-120.49251556396484375;
77260000;-119.87237548828125;
77275000;-122.3865814208984375;
77290000;-122.2314910888671875;
77305000;-122.3318939208984375;
77320000;-122.33022308349609375;
77335000;-122.3927154541015625;
77350000;-123.1611175537109375;
77365000;-121.979339599609375;
77380000;-122.69515228271484375;
77395000;-124.69720458984375;
77410000;-125.13205718994140625;
77425000;-122.489776611328125;
77440000;-122.1369476318359375;
77455000;-122.16121673583984375;
77470000;-123.3892669677734375;
77485000;-123.65888214111328125;
77500000;-124.38433074951171875;
