Type;ZNL6;
Version;1.50;
Date;08.Oct 2026;
Mode;ANALYZER;ACLR;
Preamplifier;OFF;
Transducer;OFF;
Center Freq;70000000.000000;Hz
Freq Offset;0.000000;Hz
Start;62500000.000000;Hz
Stop;77500000.000000;Hz
Span;15000000.000000;Hz
Ref Level;-10.000000;dBm
Level Offset;0.000000;dB
Rf Att;20.000000;dB
El Att;0.000000;dB
RBW;1000.000000;Hz
VBW;1000.000000;Hz
SWT;0.045600;s
Sweep Count;0;
Window;1;ACLR
Ref Position;100.000000;%
Level Range;100.000000;dB
x-Axis;LIN;
y-Axis;LOG;
x-Unit;Hz;
y-Unit;dBm;
Trace;1;
Trace Mode;AVERAGE;
Detector;RMS;
Values;1001;
62500000;-60.035839080810546875;
62515000;-60.242885589599609375;
62530000;-59.870349884033203125;
62545000;-60.106288909912109375;
62560000;-60.003238677978515625;
62575000;-60.11211395263671875;
62590000;-60.237789154052734375;
62605000;-60.0457611083984375;
62620000;-59.819553375244140625;
62635000;-59.89420318603515625;
62650000;-59.988399505615234375;
62665000;-59.646175384521484375;
62680000;-60.285449981689453125;
62695000;-59.96018218994140625;
62710000;-60.21551513671875;
62725000;-59.92888641357421875;
62740000;-59.992218017578125;
62755000;-59.974651336669921875;
62770000;-59.821399688720703125;
62785000;-59.9055023193359375;
62800000;-60.067760467529296875;
62815000;-59.88454437255859375;
62830000;-59.93689727783203125;
62845000;-60.145557403564453125;
62860000;-60.03022003173828125;
62875000;-59.993778228759765625;
62890000;-59.98162841796875;
62905000;-59.80971527099609375;
62920000;-59.928867340087890625;
62935000;-59.893177032470703125;
62950000;-60.12709808349609375;
62965000;-60.04955291748046875;
62980000;-59.94475555419921875;
62995000;-59.77774810791015625;
63010000;-59.920154571533203125;
63025000;-60.0066680908203125;
63040000;-60.062770843505859375;
63055000;-59.881008148193359375;
63070000;-60.091220855712890625;
63085000;-60.040340423583984375;
63100000;-59.96538543701171875;
63115000;-59.740070343017578125;
63130000;-60.18311309814453125;
63145000;-60.06787109375;
63160000;-59.957813262939453125;
63175000;-59.727733612060546875;
63190000;-60.109714508056640625;
63205000;-60.05132293701171875;
63220000;-59.7740631103515625;
63235000;-60.12374114990234375;
63250000;-59.71407318115234375;
63265000;-60.08056640625;
63280000;-59.8031005859375;
63295000;-59.935546875;
63310000;-59.978610992431640625;
63325000;-59.76691436767578125;
63340000;-59.793857574462890625;
63355000;-59.645671844482421875;
63370000;-59.93414306640625;
63385000;-59.734104156494140625;
63400000;-59.785144805908203125;
63415000;-59.766101837158203125;
63430000;-59.989593505859375;
63445000;-59.963775634765625;
63460000;-59.74083709716796875;
63475000;-59.76691436767578125;
63490000;-59.841442108154296875;
63505000;-59.908756256103515625;
63520000;-60.15792083740234375;
63535000;-59.61217498779296875;
63550000;-59.64829254150390625;
63565000;-59.780696868896484375;
63580000;-60.0048370361328125;
63595000;-59.420490264892578125;
63610000;-59.617076873779296875;
63625000;-59.9129638671875;
63640000;-59.953853607177734375;
63655000;-60.09833526611328125;
63670000;-60.0202178955078125;
63685000;-59.943359375;
63700000;-59.8965911865234375;
63715000;-59.94910430908203125;
63730000;-60.07111358642578125;
63745000;-59.7325439453125;
63760000;-59.78060150146484375;
63775000;-60.003498077392578125;
63790000;-59.777042388916015625;
63805000;-59.704372406005859375;
63820000;-59.421840667724609375;
63835000;-59.71822357177734375;
63850000;-60.003582000732421875;
63865000;-59.617481231689453125;
63880000;-59.559825897216796875;
63895000;-59.515472412109375;
63910000;-59.681377410888671875;
63925000;-59.807098388671875;
63940000;-59.781635284423828125;
63955000;-59.597522735595703125;
63970000;-59.729221343994140625;
63985000;-59.7881622314453125;
64000000;-59.656940460205078125;
64015000;-59.694889068603515625;
64030000;-59.593265533447265625;
64045000;-59.670650482177734375;
64060000;-59.69289398193359375;
64075000;-60.0030975341796875;
64090000;-59.76515960693359375;
64105000;-60.0059967041015625;
64120000;-59.83841705322265625;
64135000;-59.97014617919921875;
64150000;-59.88617706298828125;
64165000;-59.777332305908203125;
64180000;-60.053646087646484375;
64195000;-59.799594879150390625;
64210000;-59.94684600830078125;
64225000;-59.801845550537109375;
64240000;-59.657970428466796875;
64255000;-59.78980255126953125;
64270000;-59.532440185546875;
64285000;-59.702640533447265625;
64300000;-59.649417877197265625;
64315000;-59.775562286376953125;
64330000;-59.787227630615234375;
64345000;-59.827117919921875;
64360000;-59.97479248046875;
64375000;-59.670024871826171875;
64390000;-59.83748626708984375;
64405000;-59.96788787841796875;
64420000;-60.06497955322265625;
64435000;-59.92319488525390625;
64450000;-59.75110626220703125;
64465000;-60.109218597412109375;
64480000;-59.712154388427734375;
64495000;-59.632251739501953125;
64510000;-59.345699310302734375;
64525000;-59.719024658203125;
64540000;-59.314441680908203125;
64555000;-59.48863983154296875;
64570000;-59.675296783447265625;
64585000;-59.69441986083984375;
64600000;-59.574565887451171875;
64615000;-59.706668853759765625;
64630000;-59.727245330810546875;
64645000;-59.871402740478515625;
64660000;-59.45661163330078125;
64675000;-59.7419891357421875;
64690000;-59.681171417236328125;
64705000;-59.7757110595703125;
64720000;-59.5594635009765625;
64735000;-59.989208221435546875;
64750000;-59.74703216552734375;
64765000;-59.40534210205078125;
64780000;-59.851566314697265625;
64795000;-59.550258636474609375;
64810000;-59.70223236083984375;
64825000;-59.707370758056640625;
64840000;-59.691814422607421875;
64855000;-59.99774169921875;
64870000;-59.609775543212890625;
64885000;-59.677013397216796875;
64900000;-59.927928924560546875;
64915000;-59.880039215087890625;
64930000;-59.7972869873046875;
64945000;-59.464542388916015625;
64960000;-59.75270843505859375;
64975000;-59.5782318115234375;
64990000;-59.677722930908203125;
65005000;-59.766460418701171875;
65020000;-59.65271759033203125;
65035000;-59.62490081787109375;
65050000;-59.678630828857421875;
65065000;-59.4790802001953125;
65080000;-59.65573883056640625;
65095000;-59.670196533203125;
65110000;-59.724964141845703125;
65125000;-59.410900115966796875;
65140000;-59.864536285400390625;
65155000;-59.448486328125;
65170000;-59.828479766845703125;
65185000;-59.87825775146484375;
65200000;-59.819934844970703125;
65215000;-59.905429840087890625;
65230000;-59.56615447998046875;
65245000;-59.695354461669921875;
65260000;-59.4596405029296875;
65275000;-59.505733489990234375;
65290000;-59.8490753173828125;
65305000;-59.7623138427734375;
65320000;-59.6695709228515625;
65335000;-59.6991424560546875;
65350000;-59.590557098388671875;
65365000;-59.71075439453125;
65380000;-59.640865325927734375;
65395000;-59.660923004150390625;
65410000;-59.38289642333984375;
65425000;-59.83974456787109375;
65440000;-59.50922393798828125;
65455000;-59.71163177490234375;
65470000;-59.620426177978515625;
65485000;-59.539947509765625;
65500000;-59.20249176025390625;
65515000;-59.592212677001953125;
65530000;-59.786037445068359375;
65545000;-59.807643890380859375;
65560000;-59.675014495849609375;
65575000;-59.4884185791015625;
65590000;-59.3766326904296875;
65605000;-59.45965576171875;
65620000;-59.58777618408203125;
65635000;-59.758056640625;
65650000;-59.59247589111328125;
65665000;-59.648746490478515625;
65680000;-59.275348663330078125;
65695000;-59.55283355712890625;
65710000;-59.33055877685546875;
65725000;-59.801937103271484375;
65740000;-59.517253875732421875;
65755000;-59.74967193603515625;
65770000;-59.8599853515625;
65785000;-59.5555267333984375;
65800000;-59.645092010498046875;
65815000;-59.31317138671875;
65830000;-59.526569366455078125;
65845000;-59.429462432861328125;
65860000;-59.380207061767578125;
65875000;-59.602756500244140625;
65890000;-59.601505279541015625;
65905000;-59.554134368896484375;
65920000;-59.49251556396484375;
65935000;-59.42498779296875;
65950000;-59.29449462890625;
65965000;-59.7725372314453125;
65980000;-59.8550262451171875;
65995000;-59.548095703125;
66010000;-59.63384246826171875;
66025000;-59.525463104248046875;
66040000;-59.60819244384765625;
66055000;-59.4164276123046875;
66070000;-59.365558624267578125;
66085000;-59.682445526123046875;
66100000;-59.288440704345703125;
66115000;-59.392795562744140625;
66130000;-59.40608978271484375;
66145000;-59.4153594970703125;
66160000;-59.681858062744140625;
66175000;-59.3310546875;
66190000;-59.450237274169921875;
66205000;-59.458404541015625;
66220000;-59.52169036865234375;
66235000;-59.38295745849609375;
66250000;-59.638919830322265625;
66265000;-59.4788665771484375;
66280000;-59.61986541748046875;
66295000;-59.524089813232421875;
66310000;-59.36019134521484375;
66325000;-59.540557861328125;
66340000;-59.535678863525390625;
66355000;-59.636119842529296875;
66370000;-59.537403106689453125;
66385000;-59.399383544921875;
66400000;-59.491863250732421875;
66415000;-59.261837005615234375;
66430000;-59.26708221435546875;
66445000;-59.50255584716796875;
66460000;-59.688968658447265625;
66475000;-59.42441558837890625;
66490000;-59.136600494384765625;
66505000;-59.54921722412109375;
66520000;-59.396942138671875;
66535000;-59.323337554931640625;
66550000;-58.999725341796875;
66565000;-59.263580322265625;
66580000;-59.60372161865234375;
66595000;-59.341320037841796875;
66610000;-59.31832122802734375;
66625000;-59.51080322265625;
66640000;-59.394985198974609375;
66655000;-59.571605682373046875;
66670000;-59.26270294189453125;
66685000;-59.501750946044921875;
66700000;-59.3973541259765625;
66715000;-59.30544281005859375;
66730000;-59.303714752197265625;
66745000;-59.55712890625;
66760000;-59.55652618408203125;
66775000;-59.57244110107421875;
66790000;-59.140777587890625;
66805000;-59.664180755615234375;
66820000;-59.226253509521484375;
66835000;-59.313976287841796875;
66850000;-59.763202667236328125;
66865000;-59.29048919677734375;
66880000;-59.3132781982421875;
66895000;-59.07842254638671875;
66910000;-59.2335357666015625;
66925000;-59.575893402099609375;
66940000;-59.111591339111328125;
66955000;-59.242984771728515625;
66970000;-59.58602142333984375;
66985000;-59.657489776611328125;
67000000;-59.594501495361328125;
67015000;-59.1544189453125;
67030000;-59.220142364501953125;
67045000;-59.504367828369140625;
67060000;-59.334659576416015625;
67075000;-59.765132904052734375;
67090000;-59.0590667724609375;
67105000;-59.25281524658203125;
67120000;-59.291088104248046875;
67135000;-59.622058868408203125;
67150000;-59.521335601806640625;
67165000;-59.54510498046875;
67180000;-59.198368072509765625;
67195000;-59.3270263671875;
67210000;-59.425991058349609375;
67225000;-59.242954254150390625;
67240000;-59.5714874267578125;
67255000;-59.538974761962890625;
67270000;-59.37776947021484375;
67285000;-59.356990814208984375;
67300000;-59.291034698486328125;
67315000;-59.32344818115234375;
67330000;-59.328693389892578125;
67345000;-59.58249664306640625;
67360000;-59.36696624755859375;
67375000;-59.54001617431640625;
67390000;-59.3395843505859375;
67405000;-59.4825897216796875;
67420000;-59.3979644775390625;
67435000;-59.61823272705078125;
67450000;-59.64815521240234375;
67465000;-59.55086517333984375;
67480000;-59.9563446044921875;
67495000;-59.850467681884765625;
67510000;-59.541622161865234375;
67525000;-59.60869598388671875;
67540000;-59.723659515380859375;
67555000;-59.6522369384765625;
67570000;-59.54965972900390625;
67585000;-59.088985443115234375;
67600000;-59.41106414794921875;
67615000;-59.407817840576171875;
67630000;-59.3475189208984375;
67645000;-59.29245758056640625;
67660000;-59.34131622314453125;
67675000;-59.5105743408203125;
67690000;-59.553989410400390625;
67705000;-59.324748992919921875;
67720000;-59.219081878662109375;
67735000;-59.05738067626953125;
67750000;-59.48895263671875;
67765000;-59.223552703857421875;
67780000;-59.653778076171875;
67795000;-59.227619171142578125;
67810000;-59.714752197265625;
67825000;-59.344768524169921875;
67840000;-58.81182098388671875;
67855000;-59.542133331298828125;
67870000;-59.52008819580078125;
67885000;-59.157543182373046875;
67900000;-59.07065582275390625;
67915000;-59.14288330078125;
67930000;-59.2481231689453125;
67945000;-59.29088592529296875;
67960000;-59.522136688232421875;
67975000;-59.272891998291015625;
67990000;-59.06763458251953125;
68005000;-59.248523712158203125;
68020000;-59.374439239501953125;
68035000;-59.025707244873046875;
68050000;-59.15021514892578125;
68065000;-59.04132843017578125;
68080000;-59.103916168212890625;
68095000;-59.030811309814453125;
68110000;-58.963207244873046875;
68125000;-58.962596893310546875;
68140000;-59.011814117431640625;
68155000;-58.941680908203125;
68170000;-59.129329681396484375;
68185000;-58.8819580078125;
68200000;-58.828060150146484375;
68215000;-58.76152801513671875;
68230000;-58.721210479736328125;
68245000;-58.9147186279296875;
68260000;-58.4546051025390625;
68275000;-58.528591156005859375;
68290000;-58.681621551513671875;
68305000;-58.5205078125;
68320000;-58.8378143310546875;
68335000;-58.57457733154296875;
68350000;-58.282745361328125;
68365000;-58.23891448974609375;
68380000;-58.175701141357421875;
68395000;-58.338397979736328125;
68410000;-58.204654693603515625;
68425000;-58.077587127685546875;
68440000;-58.09442901611328125;
68455000;-58.086292266845703125;
68470000;-58.05987548828125;
68485000;-57.827060699462890625;
68500000;-58.17316436767578125;
68515000;-58.05973052978515625;
68530000;-58.223995208740234375;
68545000;-58.070491790771484375;
68560000;-57.73978424072265625;
68575000;-57.564495086669921875;
68590000;-57.459491729736328125;
68605000;-57.55379486083984375;
68620000;-57.57000732421875;
68635000;-57.24797821044921875;
68650000;-56.9517059326171875;
68665000;-57.253238677978515625;
68680000;-57.0389404296875;
68695000;-56.9261474609375;
68710000;-56.8671417236328125;
68725000;-56.549755096435546875;
68740000;-57.004302978515625;
68755000;-56.61817169189453125;
68770000;-56.740962982177734375;
68785000;-56.48491668701171875;
68800000;-56.767459869384765625;
68815000;-56.5764312744140625;
68830000;-56.27740478515625;
68845000;-56.157073974609375;
68860000;-56.189777374267578125;
68875000;-56.083721160888671875;
68890000;-55.91607666015625;
68905000;-55.87779998779296875;
68920000;-56.1075286865234375;
68935000;-55.799068450927734375;
68950000;-55.897186279296875;
68965000;-55.6993865966796875;
68980000;-55.8057403564453125;
68995000;-55.3326263427734375;
69010000;-55.183483123779296875;
69025000;-55.27626800537109375;
69040000;-55.4202728271484375;
69055000;-55.409595489501953125;
69070000;-55.373538970947265625;
69085000;-55.063629150390625;
69100000;-54.747768402099609375;
69115000;-55.2107391357421875;
69130000;-55.180583953857421875;
69145000;-54.77246856689453125;
69160000;-54.918781280517578125;
69175000;-54.88800811767578125;
69190000;-54.62213897705078125;
69205000;-54.84003448486328125;
69220000;-54.721691131591796875;
69235000;-54.83890533447265625;
69250000;-54.402858734130859375;
69265000;-54.703155517578125;
69280000;-54.401271820068359375;
69295000;-54.5763397216796875;
69310000;-54.171905517578125;
69325000;-54.476131439208984375;
69340000;-54.207675933837890625;
69355000;-54.35861968994140625;
69370000;-53.932514190673828125;
69385000;-54.5717010498046875;
69400000;-54.418231964111328125;
69415000;-54.028263092041015625;
69430000;-54.270843505859375;
69445000;-54.366535186767578125;
69460000;-53.879085540771484375;
69475000;-54.066738128662109375;
69490000;-54.124256134033203125;
69505000;-54.036678314208984375;
69520000;-53.984920501708984375;
69535000;-54.0890960693359375;
69550000;-53.978118896484375;
69565000;-54.133617401123046875;
69580000;-53.611118316650390625;
69595000;-53.80657958984375;
69610000;-53.863918304443359375;
69625000;-54.103130340576171875;
69640000;-53.820446014404296875;
69655000;-53.85694122314453125;
69670000;-53.857898712158203125;
69685000;-53.87652587890625;
69700000;-53.93259429931640625;
69715000;-53.43384552001953125;
69730000;-53.72090911865234375;
69745000;-53.5756072998046875;
69760000;-53.92034149169921875;
69775000;-53.64520263671875;
69790000;-54.07781219482421875;
69805000;-53.42578887939453125;
69820000;-53.57025909423828125;
69835000;-53.615264892578125;
69850000;-53.62830352783203125;
69865000;-53.13580322265625;
69880000;-53.413238525390625;
69895000;-53.447307586669921875;
69910000;-53.567180633544921875;
69925000;-53.40557098388671875;
69940000;-53.5383758544921875;
69955000;-53.348155975341796875;
69970000;-53.345729827880859375;
69985000;-53.058444976806640625;
70000000;-53.32283782958984375;
70015000;-53.377490997314453125;
70030000;-53.17308807373046875;
70045000;-53.096523284912109375;
70060000;-53.47560882568359375;
70075000;-53.416255950927734375;
70090000;-53.65499114990234375;
70105000;-53.379680633544921875;
70120000;-53.340717315673828125;
70135000;-53.538417816162109375;
70150000;-53.75783538818359375;
70165000;-53.434207916259765625;
70180000;-53.6437225341796875;
70195000;-53.478374481201171875;
70210000;-53.57707977294921875;
70225000;-53.661334991455078125;
70240000;-53.79866790771484375;
70255000;-53.897144317626953125;
70270000;-53.909687042236328125;
70285000;-53.62282562255859375;
70300000;-53.825664520263671875;
70315000;-53.80963134765625;
70330000;-53.56240081787109375;
70345000;-53.926464080810546875;
70360000;-53.66333770751953125;
70375000;-53.97747039794921875;
70390000;-54.098194122314453125;
70405000;-53.826313018798828125;
70420000;-53.918888092041015625;
70435000;-53.947376251220703125;
70450000;-54.043170928955078125;
70465000;-54.186370849609375;
70480000;-54.097423553466796875;
70495000;-54.236606597900390625;
70510000;-53.952587127685546875;
70525000;-54.365291595458984375;
70540000;-54.511234283447265625;
70555000;-54.4451751708984375;
70570000;-54.18091583251953125;
70585000;-54.60335540771484375;
70600000;-54.036808013916015625;
70615000;-54.471576690673828125;
70630000;-54.424976348876953125;
70645000;-54.519382476806640625;
70660000;-54.09806060791015625;
70675000;-54.58379364013671875;
70690000;-54.66704559326171875;
70705000;-54.6339111328125;
70720000;-54.64493560791015625;
70735000;-54.7324066162109375;
70750000;-54.799175262451171875;
70765000;-54.71335601806640625;
70780000;-54.8019256591796875;
70795000;-55.075572967529296875;
70810000;-55.179737091064453125;
70825000;-54.920574188232421875;
70840000;-54.8996124267578125;
70855000;-55.101810455322265625;
70870000;-55.076633453369140625;
70885000;-54.9514923095703125;
70900000;-54.99713897705078125;
70915000;-55.18288421630859375;
70930000;-55.32256317138671875;
70945000;-55.106410980224609375;
70960000;-55.4435272216796875;
70975000;-55.5356292724609375;
70990000;-55.445186614990234375;
71005000;-55.752498626708984375;
71020000;-55.5424346923828125;
71035000;-55.833789825439453125;
71050000;-55.623096466064453125;
71065000;-55.64142608642578125;
71080000;-55.851894378662109375;
71095000;-56.07659912109375;
71110000;-56.172542572021484375;
71125000;-56.18198394775390625;
71140000;-55.953998565673828125;
71155000;-56.23827362060546875;
71170000;-56.071514129638671875;
71185000;-56.6432952880859375;
71200000;-56.84108734130859375;
71215000;-56.867870330810546875;
71230000;-56.658275604248046875;
71245000;-56.931827545166015625;
71260000;-56.738719940185546875;
71275000;-56.91464996337890625;
71290000;-56.713165283203125;
71305000;-56.8385162353515625;
71320000;-56.87688446044921875;
71335000;-56.48239898681640625;
71350000;-57.141498565673828125;
71365000;-57.37795257568359375;
71380000;-57.46504974365234375;
71395000;-57.2583465576171875;
71410000;-57.229648590087890625;
71425000;-57.15406036376953125;
71440000;-57.269130706787109375;
71455000;-57.1956939697265625;
71470000;-57.46649169921875;
71485000;-57.662761688232421875;
71500000;-57.3714141845703125;
71515000;-57.728961944580078125;
71530000;-57.6663360595703125;
71545000;-57.833766937255859375;
71560000;-57.62425994873046875;
71575000;-57.91071319580078125;
71590000;-58.091156005859375;
71605000;-57.9442901611328125;
71620000;-58.02982330322265625;
71635000;-58.159809112548828125;
71650000;-58.122802734375;
71665000;-58.118133544921875;
71680000;-57.993236541748046875;
71695000;-58.13350677490234375;
71710000;-58.23177337646484375;
71725000;-58.164699554443359375;
71740000;-58.47521209716796875;
71755000;-58.533000946044921875;
71770000;-58.282596588134765625;
71785000;-58.444164276123046875;
71800000;-58.332988739013671875;
71815000;-58.420703887939453125;
71830000;-58.40418243408203125;
71845000;-58.554988861083984375;
71860000;-58.5648956298828125;
71875000;-58.4754638671875;
71890000;-58.51470184326171875;
71905000;-58.705738067626953125;
71920000;-58.48023223876953125;
71935000;-58.42014312744140625;
71950000;-58.68833160400390625;
71965000;-58.8350067138671875;
71980000;-58.786922454833984375;
71995000;-58.37397003173828125;
72010000;-58.658153533935546875;
72025000;-58.685245513916015625;
72040000;-58.64922332763671875;
72055000;-58.624797821044921875;
72070000;-58.1336822509765625;
72085000;-57.269886016845703125;
72100000;-55.83296966552734375;
72115000;-54.464550018310546875;
72130000;-53.2335205078125;
72145000;-52.218036651611328125;
72160000;-51.334224700927734375;
72175000;-50.619396209716796875;
72190000;-49.7706756591796875;
72205000;-49.272373199462890625;
72220000;-48.570964813232421875;
72235000;-48.032806396484375;
72250000;-47.87848663330078125;
72265000;-47.584552764892578125;
72280000;-46.874591827392578125;
72295000;-47.23691558837890625;
72310000;-47.0233917236328125;
72325000;-47.0504608154296875;
72340000;-47.107982635498046875;
72355000;-46.8827667236328125;
72370000;-47.18502044677734375;
72385000;-47.049167633056640625;
72400000;-47.152843475341796875;
72415000;-47.200672149658203125;
72430000;-47.096340179443359375;
72445000;-47.18218994140625;
72460000;-46.92618560791015625;
72475000;-46.78076171875;
72490000;-46.886653900146484375;
72505000;-47.26848602294921875;
72520000;-47.010746002197265625;
72535000;-46.8690032958984375;
72550000;-46.787174224853515625;
72565000;-47.0739288330078125;
72580000;-47.461700439453125;
72595000;-47.12172698974609375;
72610000;-47.13274383544921875;
72625000;-47.07906341552734375;
72640000;-47.07169342041015625;
72655000;-46.949710845947265625;
72670000;-47.16483306884765625;
72685000;-46.728511810302734375;
72700000;-47.016529083251953125;
72715000;-47.04213714599609375;
72730000;-46.778682708740234375;
72745000;-46.873805999755859375;
72760000;-47.052532196044921875;
72775000;-46.48443603515625;
72790000;-46.928264617919921875;
72805000;-46.85816192626953125;
72820000;-46.74144744873046875;
72835000;-46.641094207763671875;
72850000;-46.975677490234375;
72865000;-47.009777069091796875;
72880000;-47.139308929443359375;
72895000;-47.0085296630859375;
72910000;-46.967624664306640625;
72925000;-46.641933441162109375;
72940000;-46.941989898681640625;
72955000;-46.663982391357421875;
72970000;-46.84580230712890625;
72985000;-47.00957489013671875;
73000000;-46.699314117431640625;
73015000;-46.906253814697265625;
73030000;-46.8975067138671875;
73045000;-46.958827972412109375;
73060000;-46.81928253173828125;
73075000;-47.460205078125;
73090000;-47.1677398681640625;
73105000;-46.847503662109375;
73120000;-47.043361663818359375;
73135000;-46.948421478271484375;
73150000;-46.7069549560546875;
73165000;-46.98553466796875;
73180000;-47.125659942626953125;
73195000;-46.800140380859375;
73210000;-47.1393280029296875;
73225000;-47.026416778564453125;
73240000;-46.85292816162109375;
73255000;-47.103801727294921875;
73270000;-46.65621185302734375;
73285000;-46.915279388427734375;
73300000;-47.02130889892578125;
73315000;-46.6902313232421875;
73330000;-47.08597564697265625;
73345000;-46.732303619384765625;
73360000;-47.000213623046875;
73375000;-46.58805084228515625;
73390000;-46.9922943115234375;
73405000;-47.066860198974609375;
73420000;-46.762355804443359375;
73435000;-46.636791229248046875;
73450000;-46.587890625;
73465000;-46.990619659423828125;
73480000;-46.7221221923828125;
73495000;-46.91550445556640625;
73510000;-47.064144134521484375;
73525000;-46.78070068359375;
73540000;-46.8788299560546875;
73555000;-47.250904083251953125;
73570000;-47.263462066650390625;
73585000;-47.02907562255859375;
73600000;-47.052036285400390625;
73615000;-47.175022125244140625;
73630000;-46.694805145263671875;
73645000;-47.006298065185546875;
73660000;-46.67394256591796875;
73675000;-46.65363311767578125;
73690000;-46.486370086669921875;
73705000;-46.530170440673828125;
73720000;-46.74886322021484375;
73735000;-46.832469940185546875;
73750000;-46.831573486328125;
73765000;-46.522151947021484375;
73780000;-46.902667999267578125;
73795000;-46.875484466552734375;
73810000;-46.78730010986328125;
73825000;-46.659526824951171875;
73840000;-46.61773681640625;
73855000;-46.6812591552734375;
73870000;-46.620708465576171875;
73885000;-46.4896087646484375;
73900000;-46.541919708251953125;
73915000;-46.6020965576171875;
73930000;-47.140838623046875;
73945000;-46.59033966064453125;
73960000;-46.69072723388671875;
73975000;-47.06679534912109375;
73990000;-47.322933197021484375;
74005000;-47.157764434814453125;
74020000;-46.796539306640625;
74035000;-46.572055816650390625;
74050000;-46.841938018798828125;
74065000;-46.90369415283203125;
74080000;-46.5722198486328125;
74095000;-46.809173583984375;
74110000;-46.66934967041015625;
74125000;-47.0484161376953125;
74140000;-46.43845367431640625;
74155000;-46.674839019775390625;
74170000;-46.593868255615234375;
74185000;-46.81343841552734375;
74200000;-46.703060150146484375;
74215000;-46.84716033935546875;
74230000;-46.859149932861328125;
74245000;-46.750225067138671875;
74260000;-46.86521148681640625;
74275000;-46.8372955322265625;
74290000;-46.476985931396484375;
74305000;-46.556179046630859375;
74320000;-47.07575225830078125;
74335000;-46.873149871826171875;
74350000;-46.790691375732421875;
74365000;-47.111660003662109375;
74380000;-46.890171051025390625;
74395000;-46.963687896728515625;
74410000;-46.89048004150390625;
74425000;-46.885814666748046875;
74440000;-46.869144439697265625;
74455000;-47.1635894775390625;
74470000;-46.810024261474609375;
74485000;-47.17800140380859375;
74500000;-46.615985870361328125;
74515000;-46.70113372802734375;
74530000;-46.90462493896484375;
74545000;-47.0873260498046875;
74560000;-46.92298126220703125;
74575000;-46.718944549560546875;
74590000;-46.6208038330078125;
74605000;-46.3439483642578125;
74620000;-47.07025909423828125;
74635000;-47.153656005859375;
74650000;-46.790374755859375;
74665000;-47.0615081787109375;
74680000;-46.658580780029296875;
74695000;-47.015655517578125;
74710000;-46.90361785888671875;
74725000;-46.684879302978515625;
74740000;-46.842273712158203125;
74755000;-46.52849578857421875;
74770000;-46.771533966064453125;
74785000;-46.717021942138671875;
74800000;-47.105709075927734375;
74815000;-46.857517242431640625;
74830000;-47.05115509033203125;
74845000;-47.438533782958984375;
74860000;-47.72159576416015625;
74875000;-48.115428924560546875;
74890000;-48.324573516845703125;
74905000;-48.6322479248046875;
74920000;-49.77465057373046875;
74935000;-50.258514404296875;
74950000;-51.115840911865234375;
74965000;-51.773406982421875;
74980000;-52.96099853515625;
74995000;-54.1211395263671875;
75010000;-55.757030487060546875;
75025000;-57.2295989990234375;
75040000;-58.627483367919921875;
75055000;-58.829868316650390625;
75070000;-58.847625732421875;
75085000;-58.851406097412109375;
75100000;-58.50209808349609375;
75115000;-58.352214813232421875;
75130000;-57.6280059814453125;
75145000;-57.5098876953125;
75160000;-57.12239837646484375;
75175000;-56.394550323486328125;
75190000;-55.90885162353515625;
75205000;-55.47736358642578125;
75220000;-55.401031494140625;
75235000;-55.2642059326171875;
75250000;-55.0038909912109375;
75265000;-54.843471527099609375;
75280000;-54.75824737548828125;
75295000;-54.473972320556640625;
75310000;-54.660045623779296875;
75325000;-54.799312591552734375;
75340000;-54.697784423828125;
75355000;-54.512603759765625;
75370000;-54.584926605224609375;
75385000;-54.502574920654296875;
75400000;-54.426544189453125;
75415000;-54.3763427734375;
75430000;-54.40631866455078125;
75445000;-54.45603179931640625;
75460000;-54.74542236328125;
75475000;-54.540035247802734375;
75490000;-54.557559967041015625;
75505000;-54.5645904541015625;
75520000;-54.5069427490234375;
75535000;-54.520244598388671875;
75550000;-54.617893218994140625;
75565000;-54.7127685546875;
75580000;-54.6295013427734375;
75595000;-54.887050628662109375;
75610000;-54.880382537841796875;
75625000;-54.5590057373046875;
75640000;-54.526172637939453125;
75655000;-54.513980865478515625;
75670000;-54.695140838623046875;
75685000;-54.389007568359375;
75700000;-54.4149169921875;
75715000;-54.6446380615234375;
75730000;-54.753520965576171875;
75745000;-54.33217620849609375;
75760000;-54.57184600830078125;
75775000;-54.757389068603515625;
75790000;-54.668056488037109375;
75805000;-54.40082550048828125;
75820000;-54.69635772705078125;
75835000;-54.62734222412109375;
75850000;-54.334636688232421875;
75865000;-54.757213592529296875;
75880000;-54.388202667236328125;
75895000;-54.338893890380859375;
75910000;-54.65143585205078125;
75925000;-54.388027191162109375;
75940000;-54.44628143310546875;
75955000;-54.460418701171875;
75970000;-54.6121368408203125;
75985000;-54.336849212646484375;
76000000;-54.487018585205078125;
76015000;-54.4202728271484375;
76030000;-54.39783477783203125;
76045000;-54.3443756103515625;
76060000;-54.509120941162109375;
76075000;-54.6358184814453125;
76090000;-54.61611175537109375;
76105000;-54.33270263671875;
76120000;-54.7102813720703125;
76135000;-54.703765869140625;
76150000;-54.375003814697265625;
76165000;-54.552158355712890625;
76180000;-54.637722015380859375;
76195000;-54.4254608154296875;
76210000;-54.154659271240234375;
76225000;-54.28226470947265625;
76240000;-54.4460601806640625;
76255000;-54.666400909423828125;
76270000;-54.288249969482421875;
76285000;-54.408908843994140625;
76300000;-53.784389495849609375;
76315000;-54.4418792724609375;
76330000;-54.582721710205078125;
76345000;-54.49074554443359375;
76360000;-54.05370330810546875;
76375000;-54.32984161376953125;
76390000;-54.3944091796875;
76405000;-54.395893096923828125;
76420000;-54.751674652099609375;
76435000;-54.8666229248046875;
76450000;-55.09637451171875;
76465000;-55.2481536865234375;
76480000;-55.731113433837890625;
76495000;-55.772907257080078125;
76510000;-55.999591827392578125;
76525000;-56.539371490478515625;
76540000;-57.074245452880859375;
76555000;-57.480068206787109375;
76570000;-57.8323974609375;
76585000;-58.1966400146484375;
76600000;-58.544902801513671875;
76615000;-58.785400390625;
76630000;-58.519512176513671875;
76645000;-58.91362762451171875;
76660000;-58.527523040771484375;
76675000;-56.7933197021484375;
76690000;-55.96262359619140625;
76705000;-54.973735809326171875;
76720000;-54.62066650390625;
76735000;-54.42461395263671875;
76750000;-54.12701416015625;
76765000;-54.39412689208984375;
76780000;-54.3531494140625;
76795000;-54.336490631103515625;
76810000;-54.497528076171875;
76825000;-54.338008880615234375;
76840000;-54.34021759033203125;
76855000;-54.279987335205078125;
76870000;-54.08156585693359375;
76885000;-54.34853363037109375;
76900000;-54.295833587646484375;
76915000;-54.394809722900390625;
76930000;-54.212215423583984375;
76945000;-54.07962799072265625;
76960000;-54.0001068115234375;
76975000;-54.30948638916015625;
76990000;-54.310153961181640625;
77005000;-54.268497467041015625;
77020000;-53.901142120361328125;
77035000;-53.8486328125;
77050000;-54.2219696044921875;
77065000;-54.532955169677734375;
77080000;-54.3102569580078125;
77095000;-54.31806182861328125;
77110000;-55.167205810546875;
77125000;-56.04659271240234375;
77140000;-57.21598052978515625;
77155000;-58.300365447998046875;
77170000;-59.007091522216796875;
77185000;-58.8618621826171875;
77200000;-58.66051483154296875;
77215000;-58.60980224609375;
77230000;-58.96285247802734375;
77245000;-58.93073272705078125;
77260000;-58.885711669921875;
77275000;-58.824703216552734375;
77290000;-58.902828216552734375;
77305000;-58.76969146728515625;
77320000;-58.91245269775390625;
77335000;-58.817440032958984375;
77350000;-59.015033721923828125;
77365000;-58.77449798583984375;
77380000;-58.96060943603515625;
77395000;-58.81270599365234375;
77410000;-58.692577362060546875;
77425000;-59.024196624755859375;
77440000;-58.98656463623046875;
77455000;-58.991058349609375;
77470000;-59.04058074951171875;
77485000;-58.808502197265625;
77500000;-58.909099578857421875;
