Type;ZNL6;
Version;1.50;
Date;08.Oct 2026;
Mode;ANALYZER;ACLR;
Preamplifier;OFF;
Transducer;OFF;
Center Freq;70000000.000000;Hz
Freq Offset;0.000000;Hz
Start;60000000.000000;Hz
Stop;80000000.000000;Hz
Span;20000000.000000;Hz
Ref Level;-10.000000;dBm
Level Offset;0.000000;dB
Rf Att;30.000000;dB
El Att;0.000000;dB
RBW;1000.000000;Hz
VBW;1000.000000;Hz
SWT;0.056900;s
Sweep Count;0;
Window;1;ACLR
Ref Position;100.000000;%
Level Range;100.000000;dB
x-Axis;LIN;
y-Axis;LOG;
x-Unit;Hz;
y-Unit;dBm;
Trace;1;
Trace Mode;AVERAGE;
Detector;RMS;
Values;1001;
60000000;-60.90106964111328125;
60020000;-60.7802276611328125;
60040000;-60.657405853271484375;
60060000;-60.979518890380859375;
60080000;-60.6445159912109375;
60100000;-60.4657745361328125;
60120000;-60.646007537841796875;
60140000;-60.590557098388671875;
60160000;-60.312267303466796875;
60180000;-60.52585601806640625;
60200000;-60.23018646240234375;
60220000;-60.3157196044921875;
60240000;-60.214599609375;
60260000;-59.95023345947265625;
60280000;-60.311511993408203125;
60300000;-59.983699798583984375;
60320000;-60.04093170166015625;
60340000;-60.083099365234375;
60360000;-59.724567413330078125;
60380000;-59.98691558837890625;
60400000;-59.99492645263671875;
60420000;-59.8709869384765625;
60440000;-59.91860198974609375;
60460000;-59.908290863037109375;
60480000;-59.9959869384765625;
60500000;-59.764705657958984375;
60520000;-59.54218292236328125;
60540000;-59.424419403076171875;
60560000;-59.6753997802734375;
60580000;-59.77516937255859375;
60600000;-59.806453704833984375;
60620000;-59.72145843505859375;
60640000;-59.49483489990234375;
60660000;-59.37262725830078125;
60680000;-59.31221771240234375;
60700000;-59.232059478759765625;
60720000;-59.299182891845703125;
60740000;-59.379467010498046875;
60760000;-59.06058502197265625;
60780000;-58.94902801513671875;
60800000;-58.965579986572265625;
60820000;-58.924602508544921875;
60840000;-58.9341278076171875;
60860000;-58.91059112548828125;
60880000;-58.764438629150390625;
60900000;-58.803897857666015625;
60920000;-58.80713653564453125;
60940000;-58.85504150390625;
60960000;-58.722412109375;
60980000;-58.519927978515625;
61000000;-58.636287689208984375;
61020000;-58.82384490966796875;
61040000;-58.512432098388671875;
61060000;-58.404018402099609375;
61080000;-58.38616180419921875;
61100000;-58.594593048095703125;
61120000;-58.42330169677734375;
61140000;-58.324069976806640625;
61160000;-58.3858489990234375;
61180000;-58.31038665771484375;
61200000;-58.303783416748046875;
61220000;-58.013774871826171875;
61240000;-58.256923675537109375;
61260000;-58.323024749755859375;
61280000;-58.10569000244140625;
61300000;-58.3015289306640625;
61320000;-57.992496490478515625;
61340000;-58.097682952880859375;
61360000;-57.893451690673828125;
61380000;-57.935474395751953125;
61400000;-57.644390106201171875;
61420000;-57.7718048095703125;
61440000;-57.737079620361328125;
61460000;-57.5880279541015625;
61480000;-57.256103515625;
61500000;-57.716663360595703125;
61520000;-57.48757171630859375;
61540000;-57.475162506103515625;
61560000;-57.475330352783203125;
61580000;-57.435894012451171875;
61600000;-57.36058807373046875;
61620000;-57.28534698486328125;
61640000;-56.96224212646484375;
61660000;-57.0225677490234375;
61680000;-57.023616790771484375;
61700000;-57.00189971923828125;
61720000;-57.2123260498046875;
61740000;-56.89029693603515625;
61760000;-57.211788177490234375;
61780000;-57.062389373779296875;
61800000;-56.8131103515625;
61820000;-56.68988800048828125;
61840000;-56.679721832275390625;
61860000;-56.88474273681640625;
61880000;-56.63127899169921875;
61900000;-56.50592803955078125;
61920000;-56.628753662109375;
61940000;-56.573703765869140625;
61960000;-56.524471282958984375;
61980000;-56.28327178955078125;
62000000;-56.68666839599609375;
62020000;-56.52043914794921875;
62040000;-56.175449371337890625;
62060000;-56.323246002197265625;
62080000;-56.500652313232421875;
62100000;-56.22621917724609375;
62120000;-56.149372100830078125;
62140000;-56.122272491455078125;
62160000;-55.98865509033203125;
62180000;-55.88889312744140625;
62200000;-56.225711822509765625;
62220000;-56.0290679931640625;
62240000;-56.0350799560546875;
62260000;-55.966472625732421875;
62280000;-55.54114532470703125;
62300000;-55.59525299072265625;
62320000;-55.750591278076171875;
62340000;-55.82527923583984375;
62360000;-55.558429718017578125;
62380000;-55.711063385009765625;
62400000;-55.764801025390625;
62420000;-55.68866729736328125;
62440000;-55.50463104248046875;
62460000;-55.17833709716796875;
62480000;-55.445468902587890625;
62500000;-55.159748077392578125;
62520000;-55.255523681640625;
62540000;-55.260120391845703125;
62560000;-55.17540740966796875;
62580000;-55.401905059814453125;
62600000;-55.030277252197265625;
62620000;-55.022106170654296875;
62640000;-54.90004730224609375;
62660000;-55.13040924072265625;
62680000;-54.82202911376953125;
62700000;-54.6889190673828125;
62720000;-54.697025299072265625;
62740000;-54.775005340576171875;
62760000;-54.575557708740234375;
62780000;-54.6508026123046875;
62800000;-54.492801666259765625;
62820000;-54.48870849609375;
62840000;-54.7192230224609375;
62860000;-54.492351531982421875;
62880000;-54.588542938232421875;
62900000;-54.18175506591796875;
62920000;-54.286960601806640625;
62940000;-54.14514923095703125;
62960000;-54.194427490234375;
62980000;-54.21422576904296875;
63000000;-53.996540069580078125;
63020000;-53.938312530517578125;
63040000;-54.0543365478515625;
63060000;-53.837566375732421875;
63080000;-53.7407379150390625;
63100000;-53.826045989990234375;
63120000;-53.788921356201171875;
63140000;-53.773075103759765625;
63160000;-53.6490936279296875;
63180000;-53.651027679443359375;
63200000;-53.73662567138671875;
63220000;-53.464260101318359375;
63240000;-53.473285675048828125;
63260000;-53.641574859619140625;
63280000;-53.26863861083984375;
63300000;-53.30765533447265625;
63320000;-53.121189117431640625;
63340000;-53.134151458740234375;
63360000;-52.844341278076171875;
63380000;-52.998691558837890625;
63400000;-53.168186187744140625;
63420000;-52.963489532470703125;
63440000;-53.100433349609375;
63460000;-52.786312103271484375;
63480000;-52.64331817626953125;
63500000;-52.650279998779296875;
63520000;-52.622802734375;
63540000;-52.68618011474609375;
63560000;-52.60515594482421875;
63580000;-52.39740753173828125;
63600000;-52.18230438232421875;
63620000;-52.392093658447265625;
63640000;-52.207592010498046875;
63660000;-52.262920379638671875;
63680000;-51.761844635009765625;
63700000;-52.09114837646484375;
63720000;-52.21593475341796875;
63740000;-51.928131103515625;
63760000;-51.99683380126953125;
63780000;-51.686580657958984375;
63800000;-51.716938018798828125;
63820000;-51.693683624267578125;
63840000;-51.573451995849609375;
63860000;-51.668308258056640625;
63880000;-51.665924072265625;
63900000;-51.671588897705078125;
63920000;-51.548961639404296875;
63940000;-51.477108001708984375;
63960000;-51.127819061279296875;
63980000;-51.23683929443359375;
64000000;-51.01692962646484375;
64020000;-51.117336273193359375;
64040000;-51.35602569580078125;
64060000;-51.156909942626953125;
64080000;-50.9115753173828125;
64100000;-51.0100555419921875;
64120000;-50.963108062744140625;
64140000;-50.81540679931640625;
64160000;-50.92236328125;
64180000;-50.72267913818359375;
64200000;-50.65851593017578125;
64220000;-50.60359954833984375;
64240000;-50.77317047119140625;
64260000;-50.5684814453125;
64280000;-50.2716827392578125;
64300000;-50.333740234375;
64320000;-50.5521240234375;
64340000;-50.23398590087890625;
64360000;-50.331676483154296875;
64380000;-50.248004913330078125;
64400000;-50.2248382568359375;
64420000;-49.810886383056640625;
64440000;-50.1207275390625;
64460000;-50.015773773193359375;
64480000;-49.735321044921875;
64500000;-49.76711273193359375;
64520000;-49.611209869384765625;
64540000;-49.51094818115234375;
64560000;-49.622608184814453125;
64580000;-49.535892486572265625;
64600000;-49.376613616943359375;
64620000;-49.369358062744140625;
64640000;-49.187923431396484375;
64660000;-49.015460968017578125;
64680000;-49.290256500244140625;
64700000;-48.932880401611328125;
64720000;-49.139774322509765625;
64740000;-48.592662811279296875;
64760000;-48.91414642333984375;
64780000;-48.72267913818359375;
64800000;-48.43896484375;
64820000;-48.59374237060546875;
64840000;-48.82399749755859375;
64860000;-48.430812835693359375;
64880000;-48.433441162109375;
64900000;-48.310733795166015625;
64920000;-48.408786773681640625;
64940000;-48.295963287353515625;
64960000;-48.238552093505859375;
64980000;-48.325496673583984375;
65000000;-47.816402435302734375;
65020000;-48.04605865478515625;
65040000;-47.862583160400390625;
65060000;-47.876495361328125;
65080000;-47.89231109619140625;
65100000;-47.767955780029296875;
65120000;-47.698329925537109375;
65140000;-47.879520416259765625;
65160000;-47.41748809814453125;
65180000;-47.42913055419921875;
65200000;-47.4058685302734375;
65220000;-47.274532318115234375;
65240000;-47.24398040771484375;
65260000;-47.30724334716796875;
65280000;-46.9524993896484375;
65300000;-46.84824371337890625;
65320000;-46.87622833251953125;
65340000;-46.918529510498046875;
65360000;-46.84717559814453125;
65380000;-46.750087738037109375;
65400000;-46.553302764892578125;
65420000;-46.631374359130859375;
65440000;-46.690441131591796875;
65460000;-46.257419586181640625;
65480000;-46.417171478271484375;
65500000;-46.35503387451171875;
65520000;-46.2612152099609375;
65540000;-46.0920867919921875;
65560000;-46.2396697998046875;
65580000;-46.079067230224609375;
65600000;-45.8039703369140625;
65620000;-45.965972900390625;
65640000;-46.0076751708984375;
65660000;-46.033634185791015625;
65680000;-45.555755615234375;
65700000;-45.5875244140625;
65720000;-45.589321136474609375;
65740000;-45.503665924072265625;
65760000;-45.537220001220703125;
65780000;-45.403156280517578125;
65800000;-45.384487152099609375;
65820000;-45.2016754150390625;
65840000;-45.156200408935546875;
65860000;-45.12487030029296875;
65880000;-44.859882354736328125;
65900000;-44.902393341064453125;
65920000;-44.73443603515625;
65940000;-44.897449493408203125;
65960000;-44.524372100830078125;
65980000;-44.6961517333984375;
66000000;-44.42607879638671875;
66020000;-44.322200775146484375;
66040000;-44.236114501953125;
66060000;-44.157505035400390625;
66080000;-44.22894287109375;
66100000;-44.35079193115234375;
66120000;-44.103755950927734375;
66140000;-44.06743621826171875;
66160000;-43.868244171142578125;
66180000;-43.847991943359375;
66200000;-43.854816436767578125;
66220000;-43.666118621826171875;
66240000;-43.99208831787109375;
66260000;-43.7813568115234375;
66280000;-43.56764984130859375;
66300000;-43.6645355224609375;
66320000;-43.5235595703125;
66340000;-43.24993133544921875;
66360000;-43.389362335205078125;
66380000;-43.4884490966796875;
66400000;-43.113620758056640625;
66420000;-42.981410980224609375;
66440000;-42.92858123779296875;
66460000;-43.13022613525390625;
66480000;-42.908931732177734375;
66500000;-42.88489532470703125;
66520000;-42.8689422607421875;
66540000;-42.778141021728515625;
66560000;-42.750797271728515625;
66580000;-42.582546234130859375;
66600000;-42.612010955810546875;
66620000;-42.580654144287109375;
66640000;-42.54596710205078125;
66660000;-42.46771240234375;
66680000;-42.2161865234375;
66700000;-42.311389923095703125;
66720000;-42.16738128662109375;
66740000;-42.23247528076171875;
66760000;-41.87502288818359375;
66780000;-41.987995147705078125;
66800000;-42.026401519775390625;
66820000;-41.833225250244140625;
66840000;-41.92923736572265625;
66860000;-41.7447967529296875;
66880000;-41.72422027587890625;
66900000;-41.677577972412109375;
66920000;-41.579265594482421875;
66940000;-41.493732452392578125;
66960000;-41.5018463134765625;
66980000;-41.088134765625;
67000000;-41.31168365478515625;
67020000;-41.14078521728515625;
67040000;-41.331699371337890625;
67060000;-41.437103271484375;
67080000;-41.20561981201171875;
67100000;-41.033466339111328125;
67120000;-41.11098480224609375;
67140000;-40.94759368896484375;
67160000;-41.227840423583984375;
67180000;-40.975856781005859375;
67200000;-40.92502593994140625;
67220000;-40.822475433349609375;
67240000;-40.80146026611328125;
67260000;-40.59886932373046875;
67280000;-40.63510894775390625;
67300000;-40.567646026611328125;
67320000;-40.33113861083984375;
67340000;-40.672954559326171875;
67360000;-40.6524658203125;
67380000;-40.5016632080078125;
67400000;-40.501163482666015625;
67420000;-40.349445343017578125;
67440000;-40.216724395751953125;
67460000;-40.24280548095703125;
67480000;-40.28546142578125;
67500000;-40.0108184814453125;
67520000;-40.087368011474609375;
67540000;-40.031795501708984375;
67560000;-39.88149261474609375;
67580000;-40.060672760009765625;
67600000;-39.93003082275390625;
67620000;-39.527820587158203125;
67640000;-39.608219146728515625;
67660000;-39.709140777587890625;
67680000;-39.715850830078125;
67700000;-39.50382232666015625;
67720000;-39.600738525390625;
67740000;-39.40301513671875;
67760000;-39.419887542724609375;
67780000;-39.341152191162109375;
67800000;-39.44225311279296875;
67820000;-39.141754150390625;
67840000;-39.191677093505859375;
67860000;-39.117176055908203125;
67880000;-39.384796142578125;
67900000;-39.03815460205078125;
67920000;-38.89484405517578125;
67940000;-39.056346893310546875;
67960000;-38.9592132568359375;
67980000;-38.815845489501953125;
68000000;-38.736408233642578125;
68020000;-38.734378814697265625;
68040000;-38.667938232421875;
68060000;-38.497222900390625;
68080000;-38.54978179931640625;
68100000;-38.575420379638671875;
68120000;-38.089206695556640625;
68140000;-37.923969268798828125;
68160000;-38.33689117431640625;
68180000;-38.035442352294921875;
68200000;-38.0253143310546875;
68220000;-37.635791778564453125;
68240000;-37.297451019287109375;
68260000;-37.181331634521484375;
68280000;-36.99529266357421875;
68300000;-36.4769439697265625;
68320000;-36.340923309326171875;
68340000;-35.87932586669921875;
68360000;-35.40264892578125;
68380000;-35.133815765380859375;
68400000;-34.683826446533203125;
68420000;-34.091526031494140625;
68440000;-33.7745361328125;
68460000;-33.41774749755859375;
68480000;-33.0361328125;
68500000;-32.928913116455078125;
68520000;-32.27829742431640625;
68540000;-32.0268096923828125;
68560000;-31.600650787353515625;
68580000;-31.141027450561523438;
68600000;-30.7242279052734375;
68620000;-30.440000534057617188;
68640000;-30.090005874633789063;
68660000;-29.6016693115234375;
68680000;-29.29190826416015625;
68700000;-28.977802276611328125;
68720000;-28.78905487060546875;
68740000;-28.617992401123046875;
68760000;-28.030246734619140625;
68780000;-27.7380523681640625;
68800000;-27.897426605224609375;
68820000;-27.343128204345703125;
68840000;-27.026563644409179688;
68860000;-26.759077072143554688;
68880000;-26.90921783447265625;
68900000;-26.187534332275390625;
68920000;-26.270404815673828125;
68940000;-26.156690597534179688;
68960000;-25.956598281860351563;
68980000;-25.823408126831054688;
69000000;-25.553400039672851563;
69020000;-25.47805023193359375;
69040000;-25.606214523315429688;
69060000;-25.23256683349609375;
69080000;-25.15402984619140625;
69100000;-24.710016250610351563;
69120000;-24.999786376953125;
69140000;-24.984752655029296875;
69160000;-24.820362091064453125;
69180000;-24.621112823486328125;
69200000;-24.399686813354492188;
69220000;-24.473072052001953125;
69240000;-24.33812713623046875;
69260000;-24.252696990966796875;
69280000;-24.256778717041015625;
69300000;-24.274515151977539063;
69320000;-24.080446243286132813;
69340000;-24.195529937744140625;
69360000;-24.302286148071289063;
69380000;-24.015106201171875;
69400000;-24.3702545166015625;
69420000;-24.067461013793945313;
69440000;-23.98261260986328125;
69460000;-23.98149871826171875;
69480000;-24.186117172241210938;
69500000;-24.346990585327148438;
69520000;-24.172906875610351563;
69540000;-24.108676910400390625;
69560000;-23.944896697998046875;
69580000;-23.804126739501953125;
69600000;-23.536220550537109375;
69620000;-24.02312469482421875;
69640000;-23.742635726928710938;
69660000;-23.7925262451171875;
69680000;-23.669345855712890625;
69700000;-23.740694046020507813;
69720000;-23.717912673950195313;
69740000;-23.606100082397460938;
69760000;-23.800806045532226563;
69780000;-23.777036666870117188;
69800000;-23.831264495849609375;
69820000;-23.588153839111328125;
69840000;-23.93965911865234375;
69860000;-23.672069549560546875;
69880000;-23.664560317993164063;
69900000;-24.190973281860351563;
69920000;-23.60064697265625;
69940000;-23.833202362060546875;
69960000;-23.78726959228515625;
69980000;-23.851734161376953125;
70000000;-23.454071044921875;
70020000;-23.568277359008789063;
70040000;-23.55492401123046875;
70060000;-23.539203643798828125;
70080000;-23.616247177124023438;
70100000;-24.136552810668945313;
70120000;-23.864900588989257813;
70140000;-23.908771514892578125;
70160000;-24.1253662109375;
70180000;-23.835834503173828125;
70200000;-23.762899398803710938;
70220000;-23.932407379150390625;
70240000;-24.297098159790039063;
70260000;-23.999017715454101563;
70280000;-24.107158660888671875;
70300000;-24.12830352783203125;
70320000;-24.39599609375;
70340000;-24.16268157958984375;
70360000;-24.148065567016601563;
70380000;-24.5338287353515625;
70400000;-24.298025131225585938;
70420000;-24.2921142578125;
70440000;-24.252050399780273438;
70460000;-24.524927139282226563;
70480000;-24.206583023071289063;
70500000;-24.078248977661132813;
70520000;-24.781858444213867188;
70540000;-24.39748382568359375;
70560000;-24.349077224731445313;
70580000;-24.4890899658203125;
70600000;-24.513399124145507813;
70620000;-24.336650848388671875;
70640000;-24.737638473510742188;
70660000;-24.278118133544921875;
70680000;-24.77092742919921875;
70700000;-24.5609588623046875;
70720000;-24.744205474853515625;
70740000;-24.846052169799804688;
70760000;-25.000146865844726563;
70780000;-25.168710708618164063;
70800000;-25.197324752807617188;
70820000;-25.204586029052734375;
70840000;-25.298151016235351563;
70860000;-25.387874603271484375;
70880000;-25.562763214111328125;
70900000;-25.63423919677734375;
70920000;-25.56402587890625;
70940000;-26.068262100219726563;
70960000;-26.07733154296875;
70980000;-26.174701690673828125;
71000000;-26.322076797485351563;
71020000;-26.473714828491210938;
71040000;-26.728183746337890625;
71060000;-26.742908477783203125;
71080000;-26.992938995361328125;
71100000;-27.052965164184570313;
71120000;-27.272279739379882813;
71140000;-27.734493255615234375;
71160000;-28.067493438720703125;
71180000;-28.101236343383789063;
71200000;-28.68670654296875;
71220000;-28.60992431640625;
71240000;-29.217864990234375;
71260000;-29.585102081298828125;
71280000;-29.84397125244140625;
71300000;-30.035491943359375;
71320000;-30.4261932373046875;
71340000;-30.775766372680664063;
71360000;-30.917493820190429688;
71380000;-31.5149383544921875;
71400000;-31.777561187744140625;
71420000;-32.232181549072265625;
71440000;-32.895221710205078125;
71460000;-33.17868804931640625;
71480000;-33.327747344970703125;
71500000;-33.827098846435546875;
71520000;-34.44072723388671875;
71540000;-34.69086456298828125;
71560000;-35.37343597412109375;
71580000;-35.599147796630859375;
71600000;-36.13327789306640625;
71620000;-36.37203216552734375;
71640000;-37.051288604736328125;
71660000;-37.201995849609375;
71680000;-37.45671844482421875;
71700000;-37.693256378173828125;
71720000;-37.7342529296875;
71740000;-38.031131744384765625;
71760000;-38.042270660400390625;
71780000;-38.29888916015625;
71800000;-38.56092071533203125;
71820000;-38.3933258056640625;
71840000;-38.859584808349609375;
71860000;-38.485530853271484375;
71880000;-38.698688507080078125;
71900000;-38.59204864501953125;
71920000;-38.972827911376953125;
71940000;-38.945888519287109375;
71960000;-38.954586029052734375;
71980000;-39.04799652099609375;
72000000;-39.286945343017578125;
72020000;-39.111499786376953125;
72040000;-39.12456512451171875;
72060000;-39.3360443115234375;
72080000;-39.538654327392578125;
72100000;-39.488239288330078125;
72120000;-39.39447021484375;
72140000;-39.686901092529296875;
72160000;-39.47054290771484375;
72180000;-39.649578094482421875;
72200000;-39.323612213134765625;
72220000;-39.980587005615234375;
72240000;-39.634990692138671875;
72260000;-39.6737823486328125;
72280000;-39.789302825927734375;
72300000;-40.198581695556640625;
72320000;-40.107975006103515625;
72340000;-40.094814300537109375;
72360000;-39.96143341064453125;
72380000;-40.065494537353515625;
72400000;-40.32424163818359375;
72420000;-40.318206787109375;
72440000;-40.7125701904296875;
72460000;-40.884639739990234375;
72480000;-40.66712188720703125;
72500000;-40.60970306396484375;
72520000;-40.903209686279296875;
72540000;-40.72333526611328125;
72560000;-40.94599151611328125;
72580000;-40.6309814453125;
72600000;-40.870098114013671875;
72620000;-40.94419097900390625;
72640000;-41.001628875732421875;
72660000;-41.098171234130859375;
72680000;-40.895450592041015625;
72700000;-41.17189788818359375;
72720000;-41.277744293212890625;
72740000;-41.283672332763671875;
72760000;-41.422412872314453125;
72780000;-41.60698699951171875;
72800000;-41.51274871826171875;
72820000;-41.418426513671875;
72840000;-41.479801177978515625;
72860000;-41.6629638671875;
72880000;-41.619903564453125;
72900000;-41.446155548095703125;
72920000;-41.89476776123046875;
72940000;-41.823490142822265625;
72960000;-41.87062835693359375;
72980000;-41.8865203857421875;
73000000;-42.14690399169921875;
73020000;-42.06075286865234375;
73040000;-42.215869903564453125;
73060000;-42.43973541259765625;
73080000;-42.36700439453125;
73100000;-42.118587493896484375;
73120000;-42.48271942138671875;
73140000;-42.375453948974609375;
73160000;-42.36751556396484375;
73180000;-42.63283538818359375;
73200000;-42.769374847412109375;
73220000;-42.92181396484375;
73240000;-42.749828338623046875;
73260000;-42.71952056884765625;
73280000;-43.261386871337890625;
73300000;-43.284580230712890625;
73320000;-42.958591461181640625;
73340000;-43.28411865234375;
73360000;-43.375030517578125;
73380000;-43.303249359130859375;
73400000;-43.6236419677734375;
73420000;-43.46453094482421875;
73440000;-43.590869903564453125;
73460000;-43.65718841552734375;
73480000;-43.340503692626953125;
73500000;-43.56624603271484375;
73520000;-43.86882781982421875;
73540000;-43.9730987548828125;
73560000;-43.94781494140625;
73580000;-43.919918060302734375;
73600000;-43.807476043701171875;
73620000;-44.3719635009765625;
73640000;-44.325870513916015625;
73660000;-44.215335845947265625;
73680000;-44.382640838623046875;
73700000;-44.428173065185546875;
73720000;-44.4822998046875;
73740000;-44.50115203857421875;
73760000;-44.5010833740234375;
73780000;-45.0867462158203125;
73800000;-45.110111236572265625;
73820000;-44.885135650634765625;
73840000;-44.84252166748046875;
73860000;-44.97289276123046875;
73880000;-45.09047698974609375;
73900000;-45.146820068359375;
73920000;-45.130519866943359375;
73940000;-45.19091796875;
73960000;-45.45880889892578125;
73980000;-45.4985504150390625;
74000000;-45.50360107421875;
74020000;-45.414623260498046875;
74040000;-45.695812225341796875;
74060000;-45.58924102783203125;
74080000;-45.7697601318359375;
74100000;-45.70357513427734375;
74120000;-45.76076507568359375;
74140000;-45.828693389892578125;
74160000;-46.118671417236328125;
74180000;-46.063251495361328125;
74200000;-46.27999114990234375;
74220000;-46.451732635498046875;
74240000;-46.392856597900390625;
74260000;-46.7072906494140625;
74280000;-46.4443817138671875;
74300000;-46.7871246337890625;
74320000;-46.6304779052734375;
74340000;-46.74755096435546875;
74360000;-46.83040618896484375;
74380000;-46.872653961181640625;
74400000;-47.0079803466796875;
74420000;-47.388469696044921875;
74440000;-47.2534637451171875;
74460000;-47.1050872802734375;
74480000;-46.972194671630859375;
74500000;-47.340480804443359375;
74520000;-47.51189422607421875;
74540000;-47.5465240478515625;
74560000;-47.53479766845703125;
74580000;-47.368560791015625;
74600000;-47.94126129150390625;
74620000;-47.870296478271484375;
74640000;-47.9270782470703125;
74660000;-47.691619873046875;
74680000;-48.108585357666015625;
74700000;-48.080657958984375;
74720000;-48.184444427490234375;
74740000;-48.0699005126953125;
74760000;-48.16107940673828125;
74780000;-48.279327392578125;
74800000;-48.403228759765625;
74820000;-48.517406463623046875;
74840000;-48.77121734619140625;
74860000;-48.41817474365234375;
74880000;-48.70236968994140625;
74900000;-48.792797088623046875;
74920000;-48.646869659423828125;
74940000;-49.3927154541015625;
74960000;-49.1558990478515625;
74980000;-49.08934783935546875;
75000000;-49.11949920654296875;
75020000;-49.295192718505859375;
75040000;-49.550632476806640625;
75060000;-49.41753387451171875;
75080000;-49.20685577392578125;
75100000;-49.29695892333984375;
75120000;-49.66551971435546875;
75140000;-49.75925445556640625;
75160000;-49.918727874755859375;
75180000;-49.884891510009765625;
75200000;-49.90576171875;
75220000;-50.08559417724609375;
75240000;-50.19240570068359375;
75260000;-50.19239044189453125;
75280000;-50.488361358642578125;
75300000;-50.46701812744140625;
75320000;-50.406772613525390625;
75340000;-50.61241912841796875;
75360000;-50.4082489013671875;
75380000;-50.340007781982421875;
75400000;-50.488872528076171875;
75420000;-50.72202301025390625;
75440000;-50.8373260498046875;
75460000;-51.052173614501953125;
75480000;-50.886035919189453125;
75500000;-51.037670135498046875;
75520000;-50.938137054443359375;
75540000;-51.243377685546875;
75560000;-51.29737091064453125;
75580000;-51.05255126953125;
75600000;-51.434967041015625;
75620000;-51.131298065185546875;
75640000;-51.456462860107421875;
75660000;-51.52323150634765625;
75680000;-51.515941619873046875;
75700000;-51.749847412109375;
75720000;-51.749118804931640625;
75740000;-51.74616241455078125;
75760000;-51.67839813232421875;
75780000;-52.0011444091796875;
75800000;-52.115386962890625;
75820000;-51.779087066650390625;
75840000;-52.312091827392578125;
75860000;-51.99196624755859375;
75880000;-52.25293731689453125;
75900000;-52.61397552490234375;
75920000;-52.396228790283203125;
75940000;-52.485782623291015625;
75960000;-52.431377410888671875;
75980000;-52.556667327880859375;
76000000;-52.43785858154296875;
76020000;-52.778438568115234375;
76040000;-52.69829559326171875;
76060000;-52.602390289306640625;
76080000;-52.736392974853515625;
76100000;-52.942203521728515625;
76120000;-52.8879241943359375;
76140000;-52.92766571044921875;
76160000;-52.901073455810546875;
76180000;-53.165950775146484375;
76200000;-53.026813507080078125;
76220000;-53.4761199951171875;
76240000;-53.28359222412109375;
76260000;-53.3658599853515625;
76280000;-53.38396453857421875;
76300000;-53.317722320556640625;
76320000;-53.51654815673828125;
76340000;-53.46067047119140625;
76360000;-53.60391998291015625;
76380000;-53.79030609130859375;
76400000;-53.711956024169921875;
76420000;-53.72975921630859375;
76440000;-53.724456787109375;
76460000;-53.652393341064453125;
76480000;-53.918727874755859375;
76500000;-54.187023162841796875;
76520000;-53.931896209716796875;
76540000;-54.14745330810546875;
76560000;-54.460460662841796875;
76580000;-54.2829132080078125;
76600000;-54.5621337890625;
76620000;-54.36299896240234375;
76640000;-54.6117401123046875;
76660000;-54.60678863525390625;
76680000;-54.8510589599609375;
76700000;-54.66489410400390625;
76720000;-54.892765045166015625;
76740000;-54.7494964599609375;
76760000;-55.1105499267578125;
76780000;-55.193424224853515625;
76800000;-55.0792999267578125;
76820000;-55.1809844970703125;
76840000;-55.054447174072265625;
76860000;-55.101192474365234375;
76880000;-55.364898681640625;
76900000;-55.274242401123046875;
76920000;-55.370227813720703125;
76940000;-55.527217864990234375;
76960000;-55.336132049560546875;
76980000;-55.75724029541015625;
77000000;-55.60739898681640625;
77020000;-55.646152496337890625;
77040000;-55.64404296875;
77060000;-55.62220001220703125;
77080000;-55.4754791259765625;
77100000;-55.68732452392578125;
77120000;-55.8024139404296875;
77140000;-55.84618377685546875;
77160000;-56.08092498779296875;
77180000;-55.704864501953125;
77200000;-55.78682708740234375;
77220000;-56.0273284912109375;
77240000;-56.1020050048828125;
77260000;-56.3852081298828125;
77280000;-56.201099395751953125;
77300000;-56.245822906494140625;
77320000;-56.415180206298828125;
77340000;-56.677730560302734375;
77360000;-56.6824951171875;
77380000;-56.52960968017578125;
77400000;-56.48705291748046875;
77420000;-56.9757232666015625;
77440000;-56.758331298828125;
77460000;-57.079799652099609375;
77480000;-56.813541412353515625;
77500000;-56.717487335205078125;
77520000;-57.00344085693359375;
77540000;-56.95529937744140625;
77560000;-57.2810821533203125;
77580000;-56.964267730712890625;
77600000;-56.95963287353515625;
77620000;-57.12184906005859375;
77640000;-57.147754669189453125;
77660000;-57.349575042724609375;
77680000;-57.4225006103515625;
77700000;-57.397457122802734375;
77720000;-57.68564605712890625;
77740000;-57.702846527099609375;
77760000;-57.49883270263671875;
77780000;-57.6773223876953125;
77800000;-57.796878814697265625;
77820000;-57.745391845703125;
77840000;-58.08454132080078125;
77860000;-57.9462890625;
77880000;-57.873409271240234375;
77900000;-57.646884918212890625;
77920000;-58.0246429443359375;
77940000;-57.964565277099609375;
77960000;-58.130950927734375;
77980000;-57.90868377685546875;
78000000;-58.10227203369140625;
78020000;-57.95008087158203125;
78040000;-58.4255523681640625;
78060000;-58.2623443603515625;
78080000;-58.3205413818359375;
78100000;-58.308429718017578125;
78120000;-58.285228729248046875;
78140000;-58.4729766845703125;
78160000;-58.58538818359375;
78180000;-58.6180419921875;
78200000;-58.761859893798828125;
78220000;-58.66342926025390625;
78240000;-58.570652008056640625;
78260000;-58.75313568115234375;
78280000;-58.708202362060546875;
78300000;-58.91924285888671875;
78320000;-58.84436798095703125;
78340000;-58.720287322998046875;
78360000;-58.991909027099609375;
78380000;-58.876522064208984375;
78400000;-59.22553253173828125;
78420000;-59.25670623779296875;
78440000;-59.06934356689453125;
78460000;-59.253612518310546875;
78480000;-59.373332977294921875;
78500000;-59.142642974853515625;
78520000;-59.39560699462890625;
78540000;-59.5824127197265625;
78560000;-59.284397125244140625;
78580000;-59.4179229736328125;
78600000;-59.38516998291015625;
78620000;-59.636447906494140625;
78640000;-59.81845855712890625;
78660000;-59.41649627685546875;
78680000;-59.52919769287109375;
78700000;-59.695041656494140625;
78720000;-60.00608062744140625;
78740000;-59.735996246337890625;
78760000;-59.682842254638671875;
78780000;-60.090526580810546875;
78800000;-60.24823760986328125;
78820000;-60.04610443115234375;
78840000;-60.139598846435546875;
78860000;-60.2439117431640625;
78880000;-59.9556732177734375;
78900000;-60.371479034423828125;
78920000;-60.360992431640625;
78940000;-60.4780731201171875;
78960000;-60.308132171630859375;
78980000;-60.667591094970703125;
79000000;-60.41085052490234375;
79020000;-60.471401214599609375;
79040000;-60.62953948974609375;
79060000;-60.55907440185546875;
79080000;-60.841510772705078125;
79100000;-60.812786102294921875;
79120000;-60.74321746826171875;
79140000;-60.737087249755859375;
79160000;-60.885517120361328125;
79180000;-60.8614654541015625;
79200000;-60.729583740234375;
79220000;-60.918792724609375;
79240000;-60.9064788818359375;
79260000;-60.923305511474609375;
79280000;-61.366184234619140625;
79300000;-61.21939849853515625;
79320000;-61.01633453369140625;
79340000;-61.41400146484375;
79360000;-61.2306976318359375;
79380000;-61.151500701904296875;
79400000;-61.11773681640625;
79420000;-61.2919158935546875;
79440000;-61.36126708984375;
79460000;-61.503582000732421875;
79480000;-61.5113372802734375;
79500000;-61.44351959228515625;
79520000;-61.381366729736328125;
79540000;-61.527618408203125;
79560000;-61.709991455078125;
79580000;-61.792995452880859375;
79600000;-61.646213531494140625;
79620000;-61.679470062255859375;
79640000;-62.01092529296875;
79660000;-61.933872222900390625;
79680000;-61.82967376708984375;
79700000;-62.03592681884765625;
79720000;-62.2213897705078125;
79740000;-62.15932464599609375;
79760000;-62.06330108642578125;
79780000;-62.105510711669921875;
79800000;-62.22191619873046875;
79820000;-62.36932373046875;
79840000;-62.414287567138671875;
79860000;-62.352024078369140625;
79880000;-62.50543212890625;
79900000;-62.4707794189453125;
79920000;-62.1174774169921875;
79940000;-62.429065704345703125;
79960000;-62.52245330810546875;
79980000;-62.522457122802734375;
80000000;-62.5262603759765625;
