Type;ZNL6;
Version;1.50;
Date;08.Oct 2026;
Mode;ANALYZER;ACLR;
Preamplifier;OFF;
Transducer;OFF;
Center Freq;70000000.000000;Hz
Freq Offset;0.000000;Hz
Start;60000000.000000;Hz
Stop;80000000.000000;Hz
Span;20000000.000000;Hz
Ref Level;-11.000000;dBm
Level Offset;0.000000;dB
Rf Att;20.000000;dB
El Att;0.000000;dB
RBW;1000.000000;Hz
VBW;1000.000000;Hz
SWT;0.056900;s
Sweep Count;0;
Window;1;ACLR
Ref Position;100.000000;%
Level Range;100.000000;dB
x-Axis;LIN;
y-Axis;LOG;
x-Unit;Hz;
y-Unit;dBm;
Trace;1;
Trace Mode;AVERAGE;
Detector;RMS;
Values;1001;
60000000;-97.78992462158203125;
60020000;-100.43430328369140625;
60040000;-100.374969482421875;
60060000;-100.51946258544921875;
60080000;-100.5796661376953125;
60100000;-100.54030609130859375;
60120000;-100.63475799560546875;
60140000;-100.5644073486328125;
60160000;-100.31562042236328125;
60180000;-100.43064117431640625;
60200000;-100.30971527099609375;
60220000;-100.16666412353515625;
60240000;-99.96576690673828125;
60260000;-100.47977447509765625;
60280000;-100.1234588623046875;
60300000;-100.20458221435546875;
60320000;-100.17583465576171875;
60340000;-99.9766693115234375;
60360000;-99.8329010009765625;
60380000;-99.75357818603515625;
60400000;-99.756011962890625;
60420000;-99.8708953857421875;
60440000;-99.9637603759765625;
60460000;-100.0869140625;
60480000;-100.36449432373046875;
60500000;-100.306060791015625;
60520000;-100.39658355712890625;
60540000;-100.225067138671875;
60560000;-99.67012786865234375;
60580000;-99.325439453125;
60600000;-99.178466796875;
60620000;-99.12026214599609375;
60640000;-99.212799072265625;
60660000;-98.9143218994140625;
60680000;-99.239715576171875;
60700000;-99.2718505859375;
60720000;-98.9802398681640625;
60740000;-99.39910888671875;
60760000;-99.2548980712890625;
60780000;-99.29669189453125;
60800000;-99.4251861572265625;
60820000;-99.512237548828125;
60840000;-99.28580474853515625;
60860000;-99.13368988037109375;
60880000;-99.03270721435546875;
60900000;-99.1439208984375;
60920000;-98.92205810546875;
60940000;-98.8142852783203125;
60960000;-99.050506591796875;
60980000;-99.036468505859375;
61000000;-99.19606781005859375;
61020000;-99.42798614501953125;
61040000;-99.67000579833984375;
61060000;-99.788604736328125;
61080000;-99.90898895263671875;
61100000;-99.78380584716796875;
61120000;-99.7874908447265625;
61140000;-99.23445892333984375;
61160000;-99.384429931640625;
61180000;-99.04518890380859375;
61200000;-98.7096710205078125;
61220000;-98.71945953369140625;
61240000;-98.750732421875;
61260000;-99.06783294677734375;
61280000;-98.8588409423828125;
61300000;-99.2902679443359375;
61320000;-99.378692626953125;
61340000;-99.5406646728515625;
61360000;-99.52782440185546875;
61380000;-99.027740478515625;
61400000;-98.5270538330078125;
61420000;-97.92636871337890625;
61440000;-97.53121185302734375;
61460000;-97.20806121826171875;
61480000;-97.05323028564453125;
61500000;-96.9311065673828125;
61520000;-97.0616455078125;
61540000;-97.29709625244140625;
61560000;-97.50345611572265625;
61580000;-97.875457763671875;
61600000;-98.1283416748046875;
61620000;-98.27173614501953125;
61640000;-98.4971923828125;
61660000;-98.60570526123046875;
61680000;-98.66219329833984375;
61700000;-98.754425048828125;
61720000;-99.024261474609375;
61740000;-98.85553741455078125;
61760000;-98.7891693115234375;
61780000;-98.8736419677734375;
61800000;-98.806915283203125;
61820000;-98.88819122314453125;
61840000;-99.37688446044921875;
61860000;-99.1468353271484375;
61880000;-99.69091796875;
61900000;-99.7364654541015625;
61920000;-99.65935516357421875;
61940000;-99.71628570556640625;
61960000;-99.39801788330078125;
61980000;-98.9853668212890625;
62000000;-98.94298553466796875;
62020000;-98.81262969970703125;
62040000;-98.94031524658203125;
62060000;-99.07073211669921875;
62080000;-99.0774993896484375;
62100000;-99.13788604736328125;
62120000;-99.78195953369140625;
62140000;-99.63153076171875;
62160000;-99.83929443359375;
62180000;-99.924102783203125;
62200000;-99.8054962158203125;
62220000;-99.994110107421875;
62240000;-99.86185455322265625;
62260000;-99.998138427734375;
62280000;-99.61309814453125;
62300000;-100.22682952880859375;
62320000;-100.27083587646484375;
62340000;-100.1159820556640625;
62360000;-100.2115478515625;
62380000;-99.99106597900390625;
62400000;-100.26029205322265625;
62420000;-100.22217559814453125;
62440000;-100.2716522216796875;
62460000;-100.257110595703125;
62480000;-100.12520599365234375;
62500000;-100.16011810302734375;
62520000;-100.195281982421875;
62540000;-100.29106903076171875;
62560000;-100.569000244140625;
62580000;-100.23542022705078125;
62600000;-100.35572052001953125;
62620000;-100.05207061767578125;
62640000;-100.30471038818359375;
62660000;-100.0988922119140625;
62680000;-100.00824737548828125;
62700000;-100.170013427734375;
62720000;-100.15586090087890625;
62740000;-99.9772796630859375;
62760000;-99.710479736328125;
62780000;-99.64035797119140625;
62800000;-99.41664886474609375;
62820000;-99.29500579833984375;
62840000;-99.36002349853515625;
62860000;-99.54248046875;
62880000;-99.40380859375;
62900000;-99.39151763916015625;
62920000;-98.9314422607421875;
62940000;-98.6887054443359375;
62960000;-98.19182586669921875;
62980000;-97.91178131103515625;
63000000;-97.63437652587890625;
63020000;-98.031036376953125;
63040000;-97.614959716796875;
63060000;-97.54477691650390625;
63080000;-97.24478912353515625;
63100000;-97.532257080078125;
63120000;-97.49462890625;
63140000;-97.647705078125;
63160000;-97.5247955322265625;
63180000;-97.80216217041015625;
63200000;-97.87839508056640625;
63220000;-98.26828765869140625;
63240000;-98.36875152587890625;
63260000;-98.45172882080078125;
63280000;-97.8665313720703125;
63300000;-97.886932373046875;
63320000;-97.31363677978515625;
63340000;-97.2081451416015625;
63360000;-97.26721954345703125;
63380000;-97.47430419921875;
63400000;-97.77924346923828125;
63420000;-97.791961669921875;
63440000;-97.45156097412109375;
63460000;-97.33797454833984375;
63480000;-96.90596771240234375;
63500000;-96.20862579345703125;
63520000;-95.74263763427734375;
63540000;-95.42083740234375;
63560000;-95.10845184326171875;
63580000;-95.10791015625;
63600000;-95.328216552734375;
63620000;-95.0342254638671875;
63640000;-95.1159515380859375;
63660000;-95.14322662353515625;
63680000;-95.50299835205078125;
63700000;-95.548187255859375;
63720000;-95.379974365234375;
63740000;-95.6157989501953125;
63760000;-95.8609161376953125;
63780000;-96.25078582763671875;
63800000;-96.56695556640625;
63820000;-97.10807037353515625;
63840000;-97.79323577880859375;
63860000;-98.327301025390625;
63880000;-98.48287200927734375;
63900000;-98.3471527099609375;
63920000;-98.020538330078125;
63940000;-97.5288238525390625;
63960000;-97.235595703125;
63980000;-96.63055419921875;
64000000;-95.92238616943359375;
64020000;-95.459808349609375;
64040000;-95.0879058837890625;
64060000;-95.10223388671875;
64080000;-95.23293304443359375;
64100000;-95.508819580078125;
64120000;-96.4535980224609375;
64140000;-97.2461700439453125;
64160000;-97.7150726318359375;
64180000;-97.26911163330078125;
64200000;-96.57343292236328125;
64220000;-95.7971038818359375;
64240000;-95.18457794189453125;
64260000;-94.8085174560546875;
64280000;-94.77203369140625;
64300000;-95.0955657958984375;
64320000;-95.4225921630859375;
64340000;-95.7383575439453125;
64360000;-96.17950439453125;
64380000;-96.304351806640625;
64400000;-96.2347259521484375;
64420000;-96.29953765869140625;
64440000;-96.63208770751953125;
64460000;-97.20313262939453125;
64480000;-97.9436492919921875;
64500000;-98.45215606689453125;
64520000;-98.91825103759765625;
64540000;-98.61342620849609375;
64560000;-98.4300384521484375;
64580000;-98.09271240234375;
64600000;-97.78507232666015625;
64620000;-97.8642578125;
64640000;-97.894561767578125;
64660000;-98.4189910888671875;
64680000;-98.7554168701171875;
64700000;-99.2404632568359375;
64720000;-99.53748321533203125;
64740000;-99.85031890869140625;
64760000;-99.53496551513671875;
64780000;-99.59561920166015625;
64800000;-99.85400390625;
64820000;-100.134368896484375;
64840000;-99.99383544921875;
64860000;-100.362579345703125;
64880000;-100.4244232177734375;
64900000;-100.56206512451171875;
64920000;-100.55622100830078125;
64940000;-100.7047576904296875;
64960000;-100.41483306884765625;
64980000;-100.67578887939453125;
65000000;-100.66768646240234375;
65020000;-100.7624359130859375;
65040000;-100.49034881591796875;
65060000;-100.79804229736328125;
65080000;-100.5319061279296875;
65100000;-100.4506683349609375;
65120000;-100.246429443359375;
65140000;-100.04068756103515625;
65160000;-99.38730621337890625;
65180000;-99.35829925537109375;
65200000;-99.226165771484375;
65220000;-98.9765472412109375;
65240000;-98.721099853515625;
65260000;-98.708343505859375;
65280000;-98.3423004150390625;
65300000;-98.26876068115234375;
65320000;-97.9626007080078125;
65340000;-97.6522216796875;
65360000;-97.477996826171875;
65380000;-97.022491455078125;
65400000;-96.94530487060546875;
65420000;-96.77765655517578125;
65440000;-97.0738677978515625;
65460000;-97.1428070068359375;
65480000;-97.41562652587890625;
65500000;-97.9824676513671875;
65520000;-98.05255126953125;
65540000;-97.4785308837890625;
65560000;-97.14984893798828125;
65580000;-96.36499786376953125;
65600000;-96.011566162109375;
65620000;-95.49151611328125;
65640000;-95.3651275634765625;
65660000;-95.38739776611328125;
65680000;-95.24243927001953125;
65700000;-94.6760406494140625;
65720000;-93.925323486328125;
65740000;-93.89087677001953125;
65760000;-93.63518524169921875;
65780000;-93.95171356201171875;
65800000;-94.68616485595703125;
65820000;-96.18769073486328125;
65840000;-97.5731658935546875;
65860000;-97.763458251953125;
65880000;-96.71529388427734375;
65900000;-95.28093719482421875;
65920000;-93.9167022705078125;
65940000;-92.88866424560546875;
65960000;-92.0860595703125;
65980000;-91.534423828125;
66000000;-91.0886077880859375;
66020000;-90.34143829345703125;
66040000;-89.59029388427734375;
66060000;-88.8523406982421875;
66080000;-88.293182373046875;
66100000;-87.9442596435546875;
66120000;-88.01168060302734375;
66140000;-88.05797576904296875;
66160000;-88.56029510498046875;
66180000;-89.2254791259765625;
66200000;-89.67040252685546875;
66220000;-89.97646331787109375;
66240000;-89.4586944580078125;
66260000;-88.73871612548828125;
66280000;-87.68997955322265625;
66300000;-86.15337371826171875;
66320000;-85.0435333251953125;
66340000;-83.7108917236328125;
66360000;-82.5925445556640625;
66380000;-81.534454345703125;
66400000;-80.988189697265625;
66420000;-80.2517852783203125;
66440000;-79.952789306640625;
66460000;-79.69171905517578125;
66480000;-79.72894287109375;
66500000;-79.96242523193359375;
66520000;-80.1799774169921875;
66540000;-80.4737396240234375;
66560000;-80.871612548828125;
66580000;-81.55121612548828125;
66600000;-82.1153717041015625;
66620000;-82.6799468994140625;
66640000;-83.33335113525390625;
66660000;-83.9803466796875;
66680000;-84.6092376708984375;
66700000;-84.5226287841796875;
66720000;-84.2768096923828125;
66740000;-84.22254180908203125;
66760000;-83.79875946044921875;
66780000;-83.459014892578125;
66800000;-83.38915252685546875;
66820000;-83.313446044921875;
66840000;-83.07196807861328125;
66860000;-82.785308837890625;
66880000;-82.8903350830078125;
66900000;-82.97789764404296875;
66920000;-83.24497222900390625;
66940000;-83.610076904296875;
66960000;-83.70961761474609375;
66980000;-84.34587860107421875;
67000000;-84.814361572265625;
67020000;-85.28691864013671875;
67040000;-86.01544952392578125;
67060000;-86.25485992431640625;
67080000;-86.6378173828125;
67100000;-86.962158203125;
67120000;-87.4159088134765625;
67140000;-87.054840087890625;
67160000;-86.9530029296875;
67180000;-87.330810546875;
67200000;-87.1482391357421875;
67220000;-86.9362335205078125;
67240000;-87.43247222900390625;
67260000;-87.212493896484375;
67280000;-86.80248260498046875;
67300000;-87.01168060302734375;
67320000;-87.1008453369140625;
67340000;-87.05011749267578125;
67360000;-86.98638153076171875;
67380000;-86.98076629638671875;
67400000;-86.7285614013671875;
67420000;-86.39733123779296875;
67440000;-86.26045989990234375;
67460000;-85.9914398193359375;
67480000;-85.764678955078125;
67500000;-85.0922698974609375;
67520000;-85.20587158203125;
67540000;-85.04561614990234375;
67560000;-84.415435791015625;
67580000;-84.1975555419921875;
67600000;-83.6951751708984375;
67620000;-83.6117401123046875;
67640000;-83.0834197998046875;
67660000;-82.41082000732421875;
67680000;-82.0332794189453125;
67700000;-81.20684814453125;
67720000;-80.72467041015625;
67740000;-80.36761474609375;
67760000;-79.70378875732421875;
67780000;-78.99204254150390625;
67800000;-78.4650726318359375;
67820000;-78.045501708984375;
67840000;-77.11077880859375;
67860000;-76.44727325439453125;
67880000;-75.2065277099609375;
67900000;-74.33685302734375;
67920000;-73.0811004638671875;
67940000;-71.8772430419921875;
67960000;-70.8335723876953125;
67980000;-69.12885284423828125;
68000000;-67.6832427978515625;
68020000;-66.3682403564453125;
68040000;-64.66400909423828125;
68060000;-63.290515899658203125;
68080000;-61.58753204345703125;
68100000;-60.44887542724609375;
68120000;-58.840305328369140625;
68140000;-57.467823028564453125;
68160000;-56.249057769775390625;
68180000;-55.053585052490234375;
68200000;-53.8482208251953125;
68220000;-52.5113372802734375;
68240000;-51.41559600830078125;
68260000;-50.18701171875;
68280000;-49.373748779296875;
68300000;-48.25928497314453125;
68320000;-47.2557525634765625;
68340000;-46.311283111572265625;
68360000;-45.61687469482421875;
68380000;-44.51418304443359375;
68400000;-43.68817901611328125;
68420000;-43.287139892578125;
68440000;-42.290767669677734375;
68460000;-41.6122589111328125;
68480000;-41.017791748046875;
68500000;-40.2488250732421875;
68520000;-39.6390228271484375;
68540000;-39.2073822021484375;
68560000;-38.26453399658203125;
68580000;-37.7906494140625;
68600000;-37.265720367431640625;
68620000;-37.062252044677734375;
68640000;-36.31827545166015625;
68660000;-36.007015228271484375;
68680000;-35.44109344482421875;
68700000;-35.0248260498046875;
68720000;-34.712451934814453125;
68740000;-34.112361907958984375;
68760000;-33.76258087158203125;
68780000;-33.7505340576171875;
68800000;-33.292881011962890625;
68820000;-33.051975250244140625;
68840000;-32.874729156494140625;
68860000;-32.5395660400390625;
68880000;-32.324314117431640625;
68900000;-31.9267425537109375;
68920000;-31.686059951782226563;
68940000;-31.282659530639648438;
68960000;-31.483598709106445313;
68980000;-31.058904647827148438;
69000000;-30.989953994750976563;
69020000;-30.913217544555664063;
69040000;-30.670618057250976563;
69060000;-30.50032806396484375;
69080000;-30.468252182006835938;
69100000;-30.04041290283203125;
69120000;-29.985765457153320313;
69140000;-30.112308502197265625;
69160000;-29.852235794067382813;
69180000;-29.853586196899414063;
69200000;-29.964799880981445313;
69220000;-29.900043487548828125;
69240000;-29.7551422119140625;
69260000;-29.795597076416015625;
69280000;-29.793790817260742188;
69300000;-29.858255386352539063;
69320000;-29.637004852294921875;
69340000;-29.603509902954101563;
69360000;-29.620512008666992188;
69380000;-29.644018173217773438;
69400000;-29.546358108520507813;
69420000;-29.344488143920898438;
69440000;-29.422197341918945313;
69460000;-29.565179824829101563;
69480000;-29.481311798095703125;
69500000;-29.186246871948242188;
69520000;-29.219457626342773438;
69540000;-29.301387786865234375;
69560000;-29.175794601440429688;
69580000;-28.9141845703125;
69600000;-29.083486557006835938;
69620000;-29.18082427978515625;
69640000;-28.96195220947265625;
69660000;-29.237720489501953125;
69680000;-29.13771820068359375;
69700000;-29.181056976318359375;
69720000;-29.039827346801757813;
69740000;-29.127016067504882813;
69760000;-29.328739166259765625;
69780000;-29.14870452880859375;
69800000;-29.05200958251953125;
69820000;-29.30953216552734375;
69840000;-29.165508270263671875;
69860000;-29.596553802490234375;
69880000;-29.11362457275390625;
69900000;-29.270534515380859375;
69920000;-29.388462066650390625;
69940000;-29.43045806884765625;
69960000;-29.298982620239257813;
69980000;-29.262540817260742188;
70000000;-29.203172683715820313;
70020000;-29.303760528564453125;
70040000;-29.3664703369140625;
70060000;-29.54599761962890625;
70080000;-29.534395217895507813;
70100000;-29.46567535400390625;
70120000;-29.33554840087890625;
70140000;-29.897899627685546875;
70160000;-29.495992660522460938;
70180000;-29.73354339599609375;
70200000;-29.50695037841796875;
70220000;-29.665037155151367188;
70240000;-29.939165115356445313;
70260000;-29.771314620971679688;
70280000;-29.74318695068359375;
70300000;-29.9217529296875;
70320000;-29.941923141479492188;
70340000;-30.10134124755859375;
70360000;-29.859729766845703125;
70380000;-30.13640594482421875;
70400000;-30.092769622802734375;
70420000;-29.969512939453125;
70440000;-30.28035736083984375;
70460000;-30.419208526611328125;
70480000;-30.33831787109375;
70500000;-30.325651168823242188;
70520000;-30.642333984375;
70540000;-30.7021026611328125;
70560000;-30.628772735595703125;
70580000;-30.60149383544921875;
70600000;-30.74582672119140625;
70620000;-30.863330841064453125;
70640000;-30.870775222778320313;
70660000;-30.818105697631835938;
70680000;-30.912065505981445313;
70700000;-31.146398544311523438;
70720000;-31.071706771850585938;
70740000;-31.127256393432617188;
70760000;-31.125822067260742188;
70780000;-31.348375320434570313;
70800000;-31.465663909912109375;
70820000;-31.410003662109375;
70840000;-31.503171920776367188;
70860000;-31.839670181274414063;
70880000;-31.785003662109375;
70900000;-31.904773712158203125;
70920000;-32.404232025146484375;
70940000;-32.4895172119140625;
70960000;-32.72653961181640625;
70980000;-32.999919891357421875;
71000000;-33.19438934326171875;
71020000;-33.33129119873046875;
71040000;-33.822784423828125;
71060000;-33.67726898193359375;
71080000;-34.14531707763671875;
71100000;-34.44626617431640625;
71120000;-34.824474334716796875;
71140000;-35.0937957763671875;
71160000;-35.49886322021484375;
71180000;-35.719821929931640625;
71200000;-35.992916107177734375;
71220000;-36.493740081787109375;
71240000;-36.55489349365234375;
71260000;-37.02275848388671875;
71280000;-37.657623291015625;
71300000;-38.05161285400390625;
71320000;-38.6475067138671875;
71340000;-39.276248931884765625;
71360000;-39.714694976806640625;
71380000;-40.558441162109375;
71400000;-40.948883056640625;
71420000;-41.58361053466796875;
71440000;-42.16840362548828125;
71460000;-43.231128692626953125;
71480000;-43.7899932861328125;
71500000;-44.527088165283203125;
71520000;-45.402462005615234375;
71540000;-46.130828857421875;
71560000;-46.872165679931640625;
71580000;-47.935272216796875;
71600000;-48.46248626708984375;
71620000;-49.386871337890625;
71640000;-50.598445892333984375;
71660000;-51.44704437255859375;
71680000;-52.56926727294921875;
71700000;-53.7027435302734375;
71720000;-54.95021820068359375;
71740000;-55.89809417724609375;
71760000;-57.26335906982421875;
71780000;-58.48625946044921875;
71800000;-59.82294464111328125;
71820000;-61.257556915283203125;
71840000;-62.481090545654296875;
71860000;-63.769008636474609375;
71880000;-65.15737152099609375;
71900000;-66.8402557373046875;
71920000;-67.91582489013671875;
71940000;-69.606597900390625;
71960000;-70.93332672119140625;
71980000;-72.2673187255859375;
72000000;-73.35723876953125;
72020000;-74.46771240234375;
72040000;-75.45452117919921875;
72060000;-76.05474853515625;
72080000;-76.8439788818359375;
72100000;-77.59850311279296875;
72120000;-78.26932525634765625;
72140000;-78.90627288818359375;
72160000;-79.97496795654296875;
72180000;-80.31995391845703125;
72200000;-80.9934539794921875;
72220000;-81.64560699462890625;
72240000;-82.53195953369140625;
72260000;-83.2830047607421875;
72280000;-83.33353424072265625;
72300000;-83.7772979736328125;
72320000;-84.106170654296875;
72340000;-84.607452392578125;
72360000;-84.8990325927734375;
72380000;-85.03694915771484375;
72400000;-85.343658447265625;
72420000;-85.52782440185546875;
72440000;-85.84344482421875;
72460000;-86.16666412353515625;
72480000;-86.5383453369140625;
72500000;-86.55872344970703125;
72520000;-87.24535369873046875;
72540000;-87.362335205078125;
72560000;-87.723388671875;
72580000;-88.06755828857421875;
72600000;-87.994903564453125;
72620000;-88.24599456787109375;
72640000;-88.30852508544921875;
72660000;-88.533721923828125;
72680000;-88.11225128173828125;
72700000;-88.27208709716796875;
72720000;-88.457763671875;
72740000;-88.5522613525390625;
72760000;-88.82106781005859375;
72780000;-88.677978515625;
72800000;-88.69256591796875;
72820000;-88.70673370361328125;
72840000;-88.47589874267578125;
72860000;-88.10102081298828125;
72880000;-87.684356689453125;
72900000;-87.5889129638671875;
72920000;-86.91858673095703125;
72940000;-86.7299957275390625;
72960000;-86.68475341796875;
72980000;-86.3867950439453125;
73000000;-86.50739288330078125;
73020000;-86.308990478515625;
73040000;-86.484527587890625;
73060000;-86.58525848388671875;
73080000;-86.881744384765625;
73100000;-87.5420379638671875;
73120000;-87.734344482421875;
73140000;-87.95243072509765625;
73160000;-88.118743896484375;
73180000;-88.26641082763671875;
73200000;-87.85094451904296875;
73220000;-87.5683441162109375;
73240000;-87.11914825439453125;
73260000;-86.3728179931640625;
73280000;-86.0267181396484375;
73300000;-85.4397735595703125;
73320000;-84.94417572021484375;
73340000;-84.7177276611328125;
73360000;-84.27519989013671875;
73380000;-83.90131378173828125;
73400000;-83.987060546875;
73420000;-84.424346923828125;
73440000;-84.72576904296875;
73460000;-84.89325714111328125;
73480000;-85.3525390625;
73500000;-85.82926177978515625;
73520000;-86.416473388671875;
73540000;-87.23259735107421875;
73560000;-87.5896759033203125;
73580000;-88.58815765380859375;
73600000;-89.14397430419921875;
73620000;-89.422149658203125;
73640000;-89.7303619384765625;
73660000;-89.3512115478515625;
73680000;-89.165374755859375;
73700000;-88.8607940673828125;
73720000;-88.62483978271484375;
73740000;-88.21973419189453125;
73760000;-87.86086273193359375;
73780000;-88.04399871826171875;
73800000;-87.98105621337890625;
73820000;-88.20587921142578125;
73840000;-88.424560546875;
73860000;-88.7977142333984375;
73880000;-89.8744964599609375;
73900000;-90.60936737060546875;
73920000;-91.63199615478515625;
73940000;-92.7431488037109375;
73960000;-94.12427520751953125;
73980000;-95.389068603515625;
74000000;-96.7621002197265625;
74020000;-98.16082763671875;
74040000;-99.0304718017578125;
74060000;-99.16069793701171875;
74080000;-98.90120697021484375;
74100000;-98.33473968505859375;
74120000;-97.3563690185546875;
74140000;-97.59735107421875;
74160000;-97.3096923828125;
74180000;-97.4229583740234375;
74200000;-97.26366424560546875;
74220000;-97.39904022216796875;
74240000;-97.3300323486328125;
74260000;-97.46434783935546875;
74280000;-97.44614410400390625;
74300000;-97.441253662109375;
74320000;-97.3494720458984375;
74340000;-97.566558837890625;
74360000;-97.808319091796875;
74380000;-97.64687347412109375;
74400000;-98.149200439453125;
74420000;-98.08188629150390625;
74440000;-98.750640869140625;
74460000;-98.70407867431640625;
74480000;-98.86852264404296875;
74500000;-99.37076568603515625;
74520000;-99.51650238037109375;
74540000;-99.686920166015625;
74560000;-99.6435394287109375;
74580000;-99.53182220458984375;
74600000;-99.55072021484375;
74620000;-99.44178009033203125;
74640000;-99.51216888427734375;
74660000;-99.6764373779296875;
74680000;-99.6526336669921875;
74700000;-99.5473480224609375;
74720000;-99.69769287109375;
74740000;-99.925750732421875;
74760000;-99.8165740966796875;
74780000;-99.75569915771484375;
74800000;-99.92119598388671875;
74820000;-100.0788421630859375;
74840000;-100.123809814453125;
74860000;-100.24066162109375;
74880000;-100.08322906494140625;
74900000;-100.21956634521484375;
74920000;-100.3849334716796875;
74940000;-100.23316192626953125;
74960000;-100.06072235107421875;
74980000;-100.09331512451171875;
75000000;-100.01973724365234375;
75020000;-99.8614349365234375;
75040000;-100.05008697509765625;
75060000;-100.06374359130859375;
75080000;-100.07879638671875;
75100000;-99.9978179931640625;
75120000;-99.93524169921875;
75140000;-100.042510986328125;
75160000;-100.00724029541015625;
75180000;-100.13274383544921875;
75200000;-100.12963104248046875;
75220000;-100.026702880859375;
75240000;-99.755096435546875;
75260000;-99.78472900390625;
75280000;-99.76320648193359375;
75300000;-99.8126220703125;
75320000;-99.93498992919921875;
75340000;-99.82683563232421875;
75360000;-99.94843292236328125;
75380000;-99.60375213623046875;
75400000;-99.4719696044921875;
75420000;-99.587677001953125;
75440000;-99.65875244140625;
75460000;-99.36588287353515625;
75480000;-99.56438446044921875;
75500000;-99.297760009765625;
75520000;-99.2781219482421875;
75540000;-99.35649871826171875;
75560000;-99.21782684326171875;
75580000;-99.0686187744140625;
75600000;-99.274078369140625;
75620000;-99.35578155517578125;
75640000;-99.33078765869140625;
75660000;-99.37366485595703125;
75680000;-99.46405792236328125;
75700000;-99.16486358642578125;
75720000;-99.18494415283203125;
75740000;-99.1649932861328125;
75760000;-98.70983123779296875;
75780000;-98.8035430908203125;
75800000;-98.7230682373046875;
75820000;-98.66750335693359375;
75840000;-98.83032989501953125;
75860000;-98.99944305419921875;
75880000;-98.92829132080078125;
75900000;-98.8116302490234375;
75920000;-99.1450347900390625;
75940000;-99.2920989990234375;
75960000;-99.29660797119140625;
75980000;-99.54278564453125;
76000000;-99.59430694580078125;
76020000;-99.40132904052734375;
76040000;-99.46856689453125;
76060000;-99.51551055908203125;
76080000;-99.32769012451171875;
76100000;-99.24324798583984375;
76120000;-99.24103546142578125;
76140000;-98.980499267578125;
76160000;-99.2183685302734375;
76180000;-98.7816314697265625;
76200000;-98.84227752685546875;
76220000;-98.79317474365234375;
76240000;-98.69484710693359375;
76260000;-98.7098846435546875;
76280000;-98.69496917724609375;
76300000;-98.8916778564453125;
76320000;-98.8404083251953125;
76340000;-98.98743438720703125;
76360000;-98.92321014404296875;
76380000;-99.30859375;
76400000;-99.282257080078125;
76420000;-99.12522125244140625;
76440000;-99.6388702392578125;
76460000;-99.4212188720703125;
76480000;-99.31406402587890625;
76500000;-99.27533721923828125;
76520000;-99.26251983642578125;
76540000;-99.21860504150390625;
76560000;-99.2884368896484375;
76580000;-99.359771728515625;
76600000;-99.2461395263671875;
76620000;-99.44179534912109375;
76640000;-99.0850830078125;
76660000;-99.41899871826171875;
76680000;-99.7187347412109375;
76700000;-99.5417327880859375;
76720000;-99.39942169189453125;
76740000;-99.7009429931640625;
76760000;-99.576446533203125;
76780000;-99.656585693359375;
76800000;-99.62137603759765625;
76820000;-99.7125396728515625;
76840000;-99.7734527587890625;
76860000;-99.68189239501953125;
76880000;-99.5269622802734375;
76900000;-99.7053985595703125;
76920000;-99.6936492919921875;
76940000;-99.7679595947265625;
76960000;-99.69977569580078125;
76980000;-100.00531005859375;
77000000;-99.86142730712890625;
77020000;-99.97652435302734375;
77040000;-99.7423095703125;
77060000;-100.013458251953125;
77080000;-99.7715301513671875;
77100000;-99.93526458740234375;
77120000;-99.8773651123046875;
77140000;-99.93558502197265625;
77160000;-99.93909454345703125;
77180000;-99.9146270751953125;
77200000;-99.8799896240234375;
77220000;-99.965362548828125;
77240000;-100.0066070556640625;
77260000;-99.9610748291015625;
77280000;-99.7939605712890625;
77300000;-100.0345306396484375;
77320000;-100.18346405029296875;
77340000;-100.15081787109375;
77360000;-100.04571533203125;
77380000;-100.3134002685546875;
77400000;-100.1041717529296875;
77420000;-100.20536041259765625;
77440000;-100.288482666015625;
77460000;-100.1122283935546875;
77480000;-100.0745697021484375;
77500000;-100.260650634765625;
77520000;-100.299346923828125;
77540000;-100.453704833984375;
77560000;-100.1396942138671875;
77580000;-100.0005340576171875;
77600000;-100.27948760986328125;
77620000;-100.03546142578125;
77640000;-99.94095611572265625;
77660000;-100.40409088134765625;
77680000;-100.18624114990234375;
77700000;-100.00693511962890625;
77720000;-99.98728179931640625;
77740000;-100.0937652587890625;
77760000;-100.08388519287109375;
77780000;-100.016143798828125;
77800000;-100.071380615234375;
77820000;-100.0643310546875;
77840000;-100.17279052734375;
77860000;-100.16495513916015625;
77880000;-100.1383514404296875;
77900000;-100.020660400390625;
77920000;-99.903289794921875;
77940000;-99.70093536376953125;
77960000;-99.9485015869140625;
77980000;-99.84300994873046875;
78000000;-99.9019012451171875;
78020000;-99.9204559326171875;
78040000;-99.909637451171875;
78060000;-99.8730010986328125;
78080000;-99.9979400634765625;
78100000;-99.73491668701171875;
78120000;-99.7353973388671875;
78140000;-99.85642242431640625;
78160000;-99.8459320068359375;
78180000;-99.49140167236328125;
78200000;-99.67254638671875;
78220000;-99.73889923095703125;
78240000;-99.88538360595703125;
78260000;-99.5879058837890625;
78280000;-99.40212249755859375;
78300000;-99.74680328369140625;
78320000;-99.87708282470703125;
78340000;-99.4870452880859375;
78360000;-99.6932220458984375;
78380000;-99.72154998779296875;
78400000;-99.33917999267578125;
78420000;-99.42346954345703125;
78440000;-99.4257659912109375;
78460000;-99.8557891845703125;
78480000;-99.7484283447265625;
78500000;-99.8411102294921875;
78520000;-99.63299560546875;
78540000;-100.0816802978515625;
78560000;-99.64316558837890625;
78580000;-99.7691802978515625;
78600000;-99.462158203125;
78620000;-99.49817657470703125;
78640000;-99.38242340087890625;
78660000;-99.76753997802734375;
78680000;-99.58203125;
78700000;-99.4830322265625;
78720000;-99.44489288330078125;
78740000;-99.55500030517578125;
78760000;-99.653045654296875;
78780000;-99.656219482421875;
78800000;-99.3282928466796875;
78820000;-99.5571136474609375;
78840000;-99.431427001953125;
78860000;-99.5883026123046875;
78880000;-99.5989990234375;
78900000;-99.56359100341796875;
78920000;-99.52014923095703125;
78940000;-99.69257354736328125;
78960000;-99.64717864990234375;
78980000;-99.70305633544921875;
79000000;-99.74478912353515625;
79020000;-99.9239044189453125;
79040000;-99.6678924560546875;
79060000;-99.6949310302734375;
79080000;-99.64727020263671875;
79100000;-99.77271270751953125;
79120000;-99.7368927001953125;
79140000;-99.52169036865234375;
79160000;-99.518463134765625;
79180000;-99.94071197509765625;
79200000;-99.8300323486328125;
79220000;-99.871551513671875;
79240000;-99.9047698974609375;
79260000;-99.72591400146484375;
79280000;-99.83985137939453125;
79300000;-99.91664886474609375;
79320000;-99.869598388671875;
79340000;-99.85004425048828125;
79360000;-99.5291748046875;
79380000;-99.74753570556640625;
79400000;-99.5067138671875;
79420000;-99.71977996826171875;
79440000;-99.60289764404296875;
79460000;-99.870452880859375;
79480000;-99.8222503662109375;
79500000;-99.84082794189453125;
79520000;-100.0116119384765625;
79540000;-100.0607757568359375;
79560000;-100.03217315673828125;
79580000;-99.97959136962890625;
79600000;-100.0712890625;
79620000;-100.10814666748046875;
79640000;-100.14019012451171875;
79660000;-100.0883026123046875;
79680000;-100.304229736328125;
79700000;-100.34810638427734375;
79720000;-99.998931884765625;
79740000;-100.10894012451171875;
79760000;-100.13033294677734375;
79780000;-100.00366973876953125;
79800000;-100.33457183837890625;
79820000;-100.21306610107421875;
79840000;-100.212677001953125;
79860000;-100.2779693603515625;
79880000;-100.009674072265625;
79900000;-100.0587310791015625;
79920000;-100.084381103515625;
79940000;-100.0177764892578125;
79960000;-99.93979644775390625;
79980000;-100.17215728759765625;
80000000;-98.8246002197265625;
