Type;ZNL6;
Version;1.50;
Date;06.Oct 2026;
Mode;ANALYZER;
Preamplifier;OFF;
Transducer;OFF;
Center Freq;70000000.000000;Hz
Freq Offset;0.000000;Hz
Start;62500000.000000;Hz
Stop;77500000.000000;Hz
Span;15000000.000000;Hz
Ref Level;-41.000000;dBm
Level Offset;0.000000;dB
Rf Att;0.000000;dB
El Att;0.000000;dB
RBW;1000.000000;Hz
VBW;1000.000000;Hz
SWT;0.015200;s
Sweep Count;0;
Window;1;Frequency Sweep
Ref Position;100.000000;%
Level Range;100.000000;dB
x-Axis;LIN;
y-Axis;LOG;
x-Unit;Hz;
y-Unit;dBm;
Trace;1;
Trace Mode;AVERAGE;
Detector;SAMPLE;
Values;1001;
62500000;-120.30313873291015625;
62515000;-121.26090240478515625;
62530000;-121.83408355712890625;
62545000;-119.68033599853515625;
62560000;-120.4690399169921875;
62575000;-122.35776519775390625;
62590000;-122.04520416259765625;
62605000;-121.81989288330078125;
62620000;-119.82086944580078125;
62635000;-125.18875885009765625;
62650000;-120.88199615478515625;
62665000;-121.11148834228515625;
62680000;-120.3122406005859375;
62695000;-120.02452850341796875;
62710000;-121.55017852783203125;
62725000;-122.20597076416015625;
62740000;-121.11834716796875;
62755000;-120.22745513916015625;
62770000;-120.21868133544921875;
62785000;-122.08325958251953125;
62800000;-120.4828338623046875;
62815000;-121.9467926025390625;
62830000;-118.954742431640625;
62845000;-122.09972381591796875;
62860000;-119.142333984375;
62875000;-120.5629425048828125;
62890000;-120.2072906494140625;
62905000;-120.664398193359375;
62920000;-122.382568359375;
62935000;-117.8158416748046875;
62950000;-117.70349884033203125;
62965000;-119.2609710693359375;
62980000;-121.1634063720703125;
62995000;-117.18747711181640625;
63010000;-119.36832427978515625;
63025000;-118.3232574462890625;
63040000;-118.896514892578125;
63055000;-117.56903076171875;
63070000;-117.9759521484375;
63085000;-117.9145050048828125;
63100000;-119.91625213623046875;
63115000;-120.593597412109375;
63130000;-119.59719085693359375;
63145000;-117.00707244873046875;
63160000;-118.53482818603515625;
63175000;-119.49001312255859375;
63190000;-119.4172210693359375;
63205000;-118.522674560546875;
63220000;-118.69554901123046875;
63235000;-117.5167388916015625;
63250000;-119.12830352783203125;
63265000;-117.90747833251953125;
63280000;-117.8262786865234375;
63295000;-117.38433837890625;
63310000;-116.57525634765625;
63325000;-118.94757843017578125;
63340000;-118.02358245849609375;
63355000;-116.41070556640625;
63370000;-115.630401611328125;
63385000;-116.6925048828125;
63400000;-117.16620635986328125;
63415000;-117.67047119140625;
63430000;-118.2285003662109375;
63445000;-118.40564727783203125;
63460000;-114.93061065673828125;
63475000;-113.5959320068359375;
63490000;-115.6285247802734375;
63505000;-113.8303375244140625;
63520000;-116.65767669677734375;
63535000;-113.5743255615234375;
63550000;-116.641387939453125;
63565000;-114.96898651123046875;
63580000;-113.99449920654296875;
63595000;-114.3238372802734375;
63610000;-118.231903076171875;
63625000;-113.31487274169921875;
63640000;-115.533233642578125;
63655000;-116.219024658203125;
63670000;-116.3522186279296875;
63685000;-113.62133026123046875;
63700000;-115.9131622314453125;
63715000;-115.68756103515625;
63730000;-116.8892364501953125;
63745000;-114.33206939697265625;
63760000;-116.64192962646484375;
63775000;-117.8334197998046875;
63790000;-116.73383331298828125;
63805000;-117.883880615234375;
63820000;-117.2768707275390625;
63835000;-120.111968994140625;
63850000;-119.91416168212890625;
63865000;-116.48665618896484375;
63880000;-118.69903564453125;
63895000;-118.6687469482421875;
63910000;-116.9769439697265625;
63925000;-114.983734130859375;
63940000;-116.346923828125;
63955000;-116.6493377685546875;
63970000;-114.770751953125;
63985000;-114.05516815185546875;
64000000;-112.99160003662109375;
64015000;-116.393096923828125;
64030000;-115.55434417724609375;
64045000;-115.7132110595703125;
64060000;-114.254638671875;
64075000;-113.2222137451171875;
64090000;-113.9650115966796875;
64105000;-113.75267791748046875;
64120000;-116.18553924560546875;
64135000;-115.5839080810546875;
64150000;-116.86847686767578125;
64165000;-118.2598724365234375;
64180000;-115.40093231201171875;
64195000;-116.350128173828125;
64210000;-114.05572509765625;
64225000;-114.35533905029296875;
64240000;-112.5265350341796875;
64255000;-113.6687774658203125;
64270000;-111.28504180908203125;
64285000;-114.27887725830078125;
64300000;-116.384918212890625;
64315000;-113.77552032470703125;
64330000;-116.343414306640625;
64345000;-115.528717041015625;
64360000;-117.3780517578125;
64375000;-115.44742584228515625;
64390000;-116.5110321044921875;
64405000;-116.01506805419921875;
64420000;-116.95461273193359375;
64435000;-116.82585906982421875;
64450000;-117.0883941650390625;
64465000;-118.32225799560546875;
64480000;-119.01300048828125;
64495000;-118.395294189453125;
64510000;-118.631439208984375;
64525000;-118.34348297119140625;
64540000;-116.3228607177734375;
64555000;-119.46042633056640625;
64570000;-116.9837646484375;
64585000;-115.32669830322265625;
64600000;-117.9903564453125;
64615000;-118.1008453369140625;
64630000;-115.94004058837890625;
64645000;-119.49111175537109375;
64660000;-118.5992889404296875;
64675000;-120.92227935791015625;
64690000;-118.85434722900390625;
64705000;-119.59229278564453125;
64720000;-119.0626678466796875;
64735000;-122.6083526611328125;
64750000;-121.03992462158203125;
64765000;-120.07950592041015625;
64780000;-120.7474212646484375;
64795000;-121.44342803955078125;
64810000;-122.37021636962890625;
64825000;-119.7478790283203125;
64840000;-120.85334014892578125;
64855000;-123.4473724365234375;
64870000;-120.40283203125;
64885000;-120.75011444091796875;
64900000;-121.52140045166015625;
64915000;-121.4351959228515625;
64930000;-120.7493896484375;
64945000;-120.64534759521484375;
64960000;-121.71469879150390625;
64975000;-121.42078399658203125;
64990000;-122.44553375244140625;
65005000;-122.8135223388671875;
65020000;-122.4271697998046875;
65035000;-120.6458282470703125;
65050000;-121.57720947265625;
65065000;-120.8943023681640625;
65080000;-121.67310333251953125;
65095000;-121.81261444091796875;
65110000;-123.48926544189453125;
65125000;-121.3231048583984375;
65140000;-118.01667022705078125;
65155000;-119.06542205810546875;
65170000;-118.85793304443359375;
65185000;-119.0927581787109375;
65200000;-119.47756195068359375;
65215000;-119.3135833740234375;
65230000;-119.7554473876953125;
65245000;-120.23431396484375;
65260000;-118.69842529296875;
65275000;-117.19123077392578125;
65290000;-117.81377410888671875;
65305000;-118.9001617431640625;
65320000;-118.04911041259765625;
65335000;-117.70430755615234375;
65350000;-117.740264892578125;
65365000;-117.7112579345703125;
65380000;-118.85274505615234375;
65395000;-118.43494415283203125;
65410000;-117.83202362060546875;
65425000;-116.5748748779296875;
65440000;-115.5829315185546875;
65455000;-115.4228515625;
65470000;-120.177764892578125;
65485000;-117.62836456298828125;
65500000;-116.80471038818359375;
65515000;-116.83675384521484375;
65530000;-119.815399169921875;
65545000;-118.8159332275390625;
65560000;-114.93074798583984375;
65575000;-116.79032135009765625;
65590000;-117.3426971435546875;
65605000;-114.2587127685546875;
65620000;-113.26334381103515625;
65635000;-114.5502471923828125;
65650000;-116.021484375;
65665000;-114.10259246826171875;
65680000;-114.594207763671875;
65695000;-116.1964874267578125;
65710000;-113.7982635498046875;
65725000;-109.94879913330078125;
65740000;-113.294097900390625;
65755000;-113.67998504638671875;
65770000;-114.8977813720703125;
65785000;-113.4326171875;
65800000;-114.5677032470703125;
65815000;-114.86765289306640625;
65830000;-116.17364501953125;
65845000;-117.4248199462890625;
65860000;-115.22052001953125;
65875000;-116.2851409912109375;
65890000;-116.06620025634765625;
65905000;-115.92418670654296875;
65920000;-113.79399871826171875;
65935000;-113.4322052001953125;
65950000;-110.416717529296875;
65965000;-110.1860198974609375;
65980000;-110.3668212890625;
65995000;-110.00505828857421875;
66010000;-109.2530517578125;
66025000;-110.3299407958984375;
66040000;-109.3681488037109375;
66055000;-107.75295257568359375;
66070000;-110.30663299560546875;
66085000;-109.52599334716796875;
66100000;-106.850372314453125;
66115000;-108.93302154541015625;
66130000;-108.423370361328125;
66145000;-108.45302581787109375;
66160000;-108.4846343994140625;
66175000;-110.5295867919921875;
66190000;-113.88360595703125;
66205000;-112.6090545654296875;
66220000;-111.16902923583984375;
66235000;-110.77794647216796875;
66250000;-109.26610565185546875;
66265000;-108.5848541259765625;
66280000;-107.10501861572265625;
66295000;-106.46283721923828125;
66310000;-104.15911865234375;
66325000;-104.32071685791015625;
66340000;-102.2581787109375;
66355000;-102.38898468017578125;
66370000;-100.5079803466796875;
66385000;-99.7065277099609375;
66400000;-100.63565826416015625;
66415000;-100.02429962158203125;
66430000;-99.2861785888671875;
66445000;-102.80539703369140625;
66460000;-100.62067413330078125;
66475000;-100.14304351806640625;
66490000;-98.93242645263671875;
66505000;-101.3224945068359375;
66520000;-101.83646392822265625;
66535000;-100.66417694091796875;
66550000;-101.1933746337890625;
66565000;-101.78594970703125;
66580000;-102.4434814453125;
66595000;-104.35973358154296875;
66610000;-103.69449615478515625;
66625000;-102.772003173828125;
66640000;-105.3822784423828125;
66655000;-106.2150726318359375;
66670000;-104.67974090576171875;
66685000;-110.47612762451171875;
66700000;-104.80323028564453125;
66715000;-105.4185333251953125;
66730000;-105.89926910400390625;
66745000;-104.140625;
66760000;-107.06479644775390625;
66775000;-104.1754150390625;
66790000;-105.30394744873046875;
66805000;-104.33660888671875;
66820000;-102.35595703125;
66835000;-105.2034454345703125;
66850000;-103.83098602294921875;
66865000;-103.79743194580078125;
66880000;-103.77724456787109375;
66895000;-105.7080535888671875;
66910000;-103.8365631103515625;
66925000;-103.16376495361328125;
66940000;-104.80841064453125;
66955000;-104.95079803466796875;
66970000;-105.253631591796875;
66985000;-104.768310546875;
67000000;-107.3696136474609375;
67015000;-105.3950653076171875;
67030000;-106.17546844482421875;
67045000;-108.42179107666015625;
67060000;-106.05023193359375;
67075000;-107.59151458740234375;
67090000;-110.187164306640625;
67105000;-106.34534454345703125;
67120000;-109.934051513671875;
67135000;-108.801727294921875;
67150000;-107.77776336669921875;
67165000;-105.75441741943359375;
67180000;-108.04825592041015625;
67195000;-109.974151611328125;
67210000;-108.317474365234375;
67225000;-109.124176025390625;
67240000;-109.3482818603515625;
67255000;-106.6604461669921875;
67270000;-106.62615966796875;
67285000;-105.65181732177734375;
67300000;-108.3474884033203125;
67315000;-107.8459320068359375;
67330000;-107.78003692626953125;
67345000;-108.56555938720703125;
67360000;-106.914306640625;
67375000;-107.04180145263671875;
67390000;-106.377685546875;
67405000;-106.82354736328125;
67420000;-105.7430877685546875;
67435000;-106.91452789306640625;
67450000;-110.28887176513671875;
67465000;-106.508819580078125;
67480000;-106.44658660888671875;
67495000;-106.283905029296875;
67510000;-107.7960357666015625;
67525000;-105.04338836669921875;
67540000;-107.05556488037109375;
67555000;-104.0328826904296875;
67570000;-105.03271484375;
67585000;-107.78154754638671875;
67600000;-103.32266998291015625;
67615000;-105.194366455078125;
67630000;-105.87799072265625;
67645000;-106.00092315673828125;
67660000;-101.96532440185546875;
67675000;-102.43692779541015625;
67690000;-104.09267425537109375;
67705000;-102.47882080078125;
67720000;-100.38492584228515625;
67735000;-100.15416717529296875;
67750000;-101.55428314208984375;
67765000;-101.10596466064453125;
67780000;-100.4050445556640625;
67795000;-98.28845977783203125;
67810000;-100.67999267578125;
67825000;-97.5867462158203125;
67840000;-96.82227325439453125;
67855000;-98.33115386962890625;
67870000;-96.1220245361328125;
67885000;-95.64322662353515625;
67900000;-95.963531494140625;
67915000;-93.1137237548828125;
67930000;-90.10358428955078125;
67945000;-91.26165771484375;
67960000;-89.3630828857421875;
67975000;-89.54236602783203125;
67990000;-87.61643218994140625;
68005000;-87.58526611328125;
68020000;-86.75982666015625;
68035000;-83.577911376953125;
68050000;-83.18670654296875;
68065000;-82.29869842529296875;
68080000;-82.38114166259765625;
68095000;-79.12657928466796875;
68110000;-79.1208343505859375;
68125000;-77.58374786376953125;
68140000;-79.4578094482421875;
68155000;-74.396820068359375;
68170000;-73.57680511474609375;
68185000;-73.44516754150390625;
68200000;-73.42327117919921875;
68215000;-72.670074462890625;
68230000;-73.70275115966796875;
68245000;-70.3763580322265625;
68260000;-69.294189453125;
68275000;-71.1766815185546875;
68290000;-69.27631378173828125;
68305000;-66.49552154541015625;
68320000;-66.14806365966796875;
68335000;-67.8881683349609375;
68350000;-64.68581390380859375;
68365000;-64.274322509765625;
68380000;-65.28759765625;
68395000;-62.53183746337890625;
68410000;-62.51096343994140625;
68425000;-62.21816253662109375;
68440000;-64.68888092041015625;
68455000;-61.555644989013671875;
68470000;-61.538970947265625;
68485000;-62.1160430908203125;
68500000;-58.812686920166015625;
68515000;-58.75096893310546875;
68530000;-59.997409820556640625;
68545000;-57.192569732666015625;
68560000;-56.658115386962890625;
68575000;-58.4506683349609375;
68590000;-59.406185150146484375;
68605000;-58.71266937255859375;
68620000;-57.283123016357421875;
68635000;-55.20528411865234375;
68650000;-55.64588165283203125;
68665000;-55.163951873779296875;
68680000;-54.6664276123046875;
68695000;-56.13140869140625;
68710000;-55.8443756103515625;
68725000;-52.30533599853515625;
68740000;-53.14105987548828125;
68755000;-55.54354095458984375;
68770000;-53.549793243408203125;
68785000;-52.62017822265625;
68800000;-52.5421295166015625;
68815000;-54.2179412841796875;
68830000;-51.85579681396484375;
68845000;-53.699642181396484375;
68860000;-52.08730316162109375;
68875000;-50.54894256591796875;
68890000;-52.08742523193359375;
68905000;-52.0662384033203125;
68920000;-51.442623138427734375;
68935000;-50.364105224609375;
68950000;-52.7814788818359375;
68965000;-50.324161529541015625;
68980000;-53.043781280517578125;
68995000;-51.508617401123046875;
69010000;-52.948413848876953125;
69025000;-51.862140655517578125;
69040000;-50.537921905517578125;
69055000;-52.8069000244140625;
69070000;-50.807193756103515625;
69085000;-48.89376068115234375;
69100000;-49.91454315185546875;
69115000;-50.16843414306640625;
69130000;-48.799945831298828125;
69145000;-48.19240570068359375;
69160000;-48.186725616455078125;
69175000;-48.94461822509765625;
69190000;-51.8643646240234375;
69205000;-50.9527130126953125;
69220000;-50.6255645751953125;
69235000;-48.640132904052734375;
69250000;-47.46736907958984375;
69265000;-50.04727935791015625;
69280000;-49.618618011474609375;
69295000;-49.3034515380859375;
69310000;-49.51068878173828125;
69325000;-48.087818145751953125;
69340000;-50.16632080078125;
69355000;-48.920284271240234375;
69370000;-48.275157928466796875;
69385000;-47.44842529296875;
69400000;-50.930511474609375;
69415000;-47.7131195068359375;
69430000;-49.518711090087890625;
69445000;-48.4555816650390625;
69460000;-49.28450775146484375;
69475000;-51.215633392333984375;
69490000;-49.257183074951171875;
69505000;-50.598300933837890625;
69520000;-49.910205841064453125;
69535000;-48.018154144287109375;
69550000;-50.430591583251953125;
69565000;-46.769618988037109375;
69580000;-51.021877288818359375;
69595000;-47.60907745361328125;
69610000;-47.664485931396484375;
69625000;-49.7786102294921875;
69640000;-48.61560821533203125;
69655000;-47.45919036865234375;
69670000;-50.510211944580078125;
69685000;-48.1726531982421875;
69700000;-48.14455413818359375;
69715000;-49.56056976318359375;
69730000;-50.155223846435546875;
69745000;-48.07520294189453125;
69760000;-49.04638671875;
69775000;-48.6759796142578125;
69790000;-49.33400726318359375;
69805000;-50.260219573974609375;
69820000;-49.196197509765625;
69835000;-49.0196990966796875;
69850000;-48.062744140625;
69865000;-48.03328704833984375;
69880000;-48.463153839111328125;
69895000;-47.670063018798828125;
69910000;-50.483417510986328125;
69925000;-49.92797088623046875;
69940000;-48.085712432861328125;
69955000;-48.11358642578125;
69970000;-48.57886505126953125;
69985000;-49.086559295654296875;
70000000;-48.78394317626953125;
70015000;-48.93935394287109375;
70030000;-47.98133087158203125;
70045000;-48.460330963134765625;
70060000;-50.0579986572265625;
70075000;-47.420108795166015625;
70090000;-49.293056488037109375;
70105000;-50.07599639892578125;
70120000;-48.215576171875;
70135000;-51.8005523681640625;
70150000;-49.478778839111328125;
70165000;-48.1006011962890625;
70180000;-48.39404296875;
70195000;-49.78631591796875;
70210000;-51.59989166259765625;
70225000;-49.153598785400390625;
70240000;-50.172687530517578125;
70255000;-50.51575469970703125;
70270000;-48.951419830322265625;
70285000;-49.62287139892578125;
70300000;-51.363796234130859375;
70315000;-50.988552093505859375;
70330000;-48.970550537109375;
70345000;-47.620433807373046875;
70360000;-48.089908599853515625;
70375000;-50.86746978759765625;
70390000;-49.768260955810546875;
70405000;-50.777557373046875;
70420000;-49.550434112548828125;
70435000;-47.695343017578125;
70450000;-49.06983184814453125;
70465000;-50.480045318603515625;
70480000;-50.612270355224609375;
70495000;-52.440128326416015625;
70510000;-50.718318939208984375;
70525000;-48.753940582275390625;
70540000;-48.44759368896484375;
70555000;-49.228511810302734375;
70570000;-50.76844024658203125;
70585000;-50.03673553466796875;
70600000;-53.25637054443359375;
70615000;-49.078388214111328125;
70630000;-50.225154876708984375;
70645000;-50.746929168701171875;
70660000;-51.33805084228515625;
70675000;-48.78412628173828125;
70690000;-51.602825164794921875;
70705000;-51.689846038818359375;
70720000;-50.392574310302734375;
70735000;-50.0990142822265625;
70750000;-50.6958465576171875;
70765000;-48.955112457275390625;
70780000;-53.625911712646484375;
70795000;-50.67157745361328125;
70810000;-49.764984130859375;
70825000;-50.2924652099609375;
70840000;-51.003139495849609375;
70855000;-50.858798980712890625;
70870000;-50.401645660400390625;
70885000;-52.868927001953125;
70900000;-53.597469329833984375;
70915000;-55.67279052734375;
70930000;-52.025882720947265625;
70945000;-52.4483489990234375;
70960000;-51.583087921142578125;
70975000;-52.624500274658203125;
70990000;-55.63852691650390625;
71005000;-52.46539306640625;
71020000;-53.01214599609375;
71035000;-52.951229095458984375;
71050000;-54.051021575927734375;
71065000;-55.941593170166015625;
71080000;-54.833881378173828125;
71095000;-56.176998138427734375;
71110000;-56.95885467529296875;
71125000;-54.956676483154296875;
71140000;-54.436862945556640625;
71155000;-55.033031463623046875;
71170000;-55.977813720703125;
71185000;-55.56964874267578125;
71200000;-54.384159088134765625;
71215000;-56.368282318115234375;
71230000;-53.1446380615234375;
71245000;-55.2249298095703125;
71260000;-58.276782989501953125;
71275000;-56.66704559326171875;
71290000;-59.633113861083984375;
71305000;-57.3112030029296875;
71320000;-57.122722625732421875;
71335000;-56.982696533203125;
71350000;-60.093685150146484375;
71365000;-59.751705169677734375;
71380000;-62.1595458984375;
71395000;-62.463825225830078125;
71410000;-60.664775848388671875;
71425000;-62.466045379638671875;
71440000;-61.58467864990234375;
71455000;-61.363437652587890625;
71470000;-65.09227752685546875;
71485000;-63.92055511474609375;
71500000;-64.779266357421875;
71515000;-65.4560546875;
71530000;-65.1759796142578125;
71545000;-67.08539581298828125;
71560000;-66.69887542724609375;
71575000;-68.80176544189453125;
71590000;-68.25655364990234375;
71605000;-70.318206787109375;
71620000;-70.0239105224609375;
71635000;-71.18265533447265625;
71650000;-71.7614593505859375;
71665000;-71.745697021484375;
71680000;-72.738494873046875;
71695000;-72.9000091552734375;
71710000;-73.01787567138671875;
71725000;-76.3948822021484375;
71740000;-76.0926666259765625;
71755000;-75.154327392578125;
71770000;-77.58454132080078125;
71785000;-78.27978515625;
71800000;-82.264862060546875;
71815000;-81.48384857177734375;
71830000;-82.83757781982421875;
71845000;-84.437164306640625;
71860000;-83.63713836669921875;
71875000;-85.87770843505859375;
71890000;-84.991943359375;
71905000;-87.011962890625;
71920000;-87.23909759521484375;
71935000;-90.9785308837890625;
71950000;-92.4346923828125;
71965000;-90.9090728759765625;
71980000;-97.665802001953125;
71995000;-93.54944610595703125;
72010000;-94.70862579345703125;
72025000;-96.505462646484375;
72040000;-96.8092803955078125;
72055000;-95.425811767578125;
72070000;-97.1975555419921875;
72085000;-98.91265106201171875;
72100000;-99.10536956787109375;
72115000;-98.77877044677734375;
72130000;-101.139434814453125;
72145000;-101.63543701171875;
72160000;-101.81122589111328125;
72175000;-104.095733642578125;
72190000;-99.72101593017578125;
72205000;-100.894622802734375;
72220000;-104.32521820068359375;
72235000;-103.4929351806640625;
72250000;-104.227203369140625;
72265000;-104.79119110107421875;
72280000;-106.452056884765625;
72295000;-105.025543212890625;
72310000;-106.9131011962890625;
72325000;-105.1975860595703125;
72340000;-105.6990814208984375;
72355000;-104.71880340576171875;
72370000;-105.475982666015625;
72385000;-105.27353668212890625;
72400000;-110.061279296875;
72415000;-106.4909210205078125;
72430000;-107.27352142333984375;
72445000;-108.84680938720703125;
72460000;-106.840240478515625;
72475000;-108.29622650146484375;
72490000;-109.76361846923828125;
72505000;-107.9054718017578125;
72520000;-109.14711761474609375;
72535000;-107.4957122802734375;
72550000;-108.26009368896484375;
72565000;-109.479156494140625;
72580000;-108.3790283203125;
72595000;-109.0367584228515625;
72610000;-109.53266143798828125;
72625000;-109.86663055419921875;
72640000;-108.41721343994140625;
72655000;-108.32802581787109375;
72670000;-109.13381195068359375;
72685000;-110.57550811767578125;
72700000;-109.25070953369140625;
72715000;-110.11705780029296875;
72730000;-110.49701690673828125;
72745000;-111.50201416015625;
72760000;-108.67139434814453125;
72775000;-110.50041961669921875;
72790000;-107.65335845947265625;
72805000;-108.75293731689453125;
72820000;-111.0176239013671875;
72835000;-108.61321258544921875;
72850000;-107.564910888671875;
72865000;-108.93607330322265625;
72880000;-107.0714263916015625;
72895000;-109.29987335205078125;
72910000;-108.02625274658203125;
72925000;-106.26621246337890625;
72940000;-106.7982330322265625;
72955000;-106.56302642822265625;
72970000;-106.83525848388671875;
72985000;-108.428253173828125;
73000000;-107.97205352783203125;
73015000;-107.5941162109375;
73030000;-107.76055145263671875;
73045000;-106.4886627197265625;
73060000;-107.474456787109375;
73075000;-108.46854400634765625;
73090000;-112.5682525634765625;
73105000;-109.6440887451171875;
73120000;-110.2052154541015625;
73135000;-108.840057373046875;
73150000;-110.4803314208984375;
73165000;-110.614654541015625;
73180000;-107.86679840087890625;
73195000;-110.1617584228515625;
73210000;-110.13907623291015625;
73225000;-110.440887451171875;
73240000;-107.3505706787109375;
73255000;-106.66048431396484375;
73270000;-106.5494537353515625;
73285000;-103.8106689453125;
73300000;-107.87432861328125;
73315000;-106.13399505615234375;
73330000;-106.32724761962890625;
73345000;-103.80554962158203125;
73360000;-105.612152099609375;
73375000;-104.302825927734375;
73390000;-103.4057464599609375;
73405000;-106.24004364013671875;
73420000;-105.47632598876953125;
73435000;-106.41839599609375;
73450000;-105.0622406005859375;
73465000;-107.8766021728515625;
73480000;-107.9495086669921875;
73495000;-107.5325164794921875;
73510000;-107.0586090087890625;
73525000;-107.7121429443359375;
73540000;-111.23714447021484375;
73555000;-111.20116424560546875;
73570000;-112.609161376953125;
73585000;-109.8447265625;
73600000;-112.3649749755859375;
73615000;-111.4514923095703125;
73630000;-109.7344512939453125;
73645000;-109.48644256591796875;
73660000;-109.95613861083984375;
73675000;-109.33821868896484375;
73690000;-107.8454437255859375;
73705000;-109.326416015625;
73720000;-109.802032470703125;
73735000;-106.958465576171875;
73750000;-106.5399627685546875;
73765000;-107.0076141357421875;
73780000;-108.7318115234375;
73795000;-107.312530517578125;
73810000;-107.102386474609375;
73825000;-107.9430389404296875;
73840000;-108.05927276611328125;
73855000;-108.49337005615234375;
73870000;-110.27722930908203125;
73885000;-108.7156829833984375;
73900000;-110.77661895751953125;
73915000;-111.79741668701171875;
73930000;-115.2506866455078125;
73945000;-115.2596893310546875;
73960000;-114.851593017578125;
73975000;-116.72882843017578125;
73990000;-120.21910858154296875;
74005000;-119.42136383056640625;
74020000;-120.52100372314453125;
74035000;-120.84615325927734375;
74050000;-119.68616485595703125;
74065000;-119.46646881103515625;
74080000;-119.54593658447265625;
74095000;-118.699798583984375;
74110000;-117.441162109375;
74125000;-116.71851348876953125;
74140000;-115.36708831787109375;
74155000;-117.3889617919921875;
74170000;-119.963134765625;
74185000;-119.24716949462890625;
74200000;-114.5974884033203125;
74215000;-117.2411041259765625;
74230000;-117.68111419677734375;
74245000;-116.4934234619140625;
74260000;-116.9875640869140625;
74275000;-119.30588531494140625;
74290000;-119.23520660400390625;
74305000;-119.2308807373046875;
74320000;-117.71688079833984375;
74335000;-115.5924530029296875;
74350000;-116.00677490234375;
74365000;-116.66820526123046875;
74380000;-118.83864593505859375;
74395000;-117.3630523681640625;
74410000;-118.6529998779296875;
74425000;-117.41445159912109375;
74440000;-118.8058319091796875;
74455000;-119.8826446533203125;
74470000;-118.5526275634765625;
74485000;-120.6265869140625;
74500000;-119.70413970947265625;
74515000;-120.09133148193359375;
74530000;-120.4272613525390625;
74545000;-120.5725860595703125;
74560000;-119.5866241455078125;
74575000;-122.59960174560546875;
74590000;-120.2633514404296875;
74605000;-121.24781036376953125;
74620000;-120.0836029052734375;
74635000;-119.6046600341796875;
74650000;-120.3245697021484375;
74665000;-120.15004730224609375;
74680000;-120.7327117919921875;
74695000;-118.625457763671875;
74710000;-120.5096893310546875;
74725000;-120.02317047119140625;
74740000;-123.23973846435546875;
74755000;-121.0276031494140625;
74770000;-120.1681671142578125;
74785000;-122.36951446533203125;
74800000;-120.304229736328125;
74815000;-121.0115509033203125;
74830000;-120.65219879150390625;
74845000;-121.7054290771484375;
74860000;-122.69622802734375;
74875000;-120.82765960693359375;
74890000;-122.59275054931640625;
74905000;-120.049102783203125;
74920000;-125.9521331787109375;
74935000;-121.26318359375;
74950000;-120.774871826171875;
74965000;-124.561279296875;
74980000;-120.989410400390625;
74995000;-121.53287506103515625;
75010000;-123.329864501953125;
75025000;-122.32077789306640625;
75040000;-122.295257568359375;
75055000;-123.83271026611328125;
75070000;-120.9128875732421875;
75085000;-121.2976531982421875;
75100000;-119.2258453369140625;
75115000;-121.20450592041015625;
75130000;-119.75926971435546875;
75145000;-120.15155792236328125;
75160000;-121.43575286865234375;
75175000;-122.499298095703125;
75190000;-122.54598236083984375;
75205000;-120.89286041259765625;
75220000;-122.39525604248046875;
75235000;-121.747314453125;
75250000;-119.69223785400390625;
75265000;-120.39917755126953125;
75280000;-122.901458740234375;
75295000;-120.70026397705078125;
75310000;-120.97362518310546875;
75325000;-121.95861053466796875;
75340000;-124.563690185546875;
75355000;-121.63057708740234375;
75370000;-120.5196990966796875;
75385000;-120.85593414306640625;
75400000;-120.715240478515625;
75415000;-122.58892059326171875;
75430000;-125.36756134033203125;
75445000;-121.5468597412109375;
75460000;-119.4261016845703125;
75475000;-121.48638916015625;
75490000;-118.28124237060546875;
75505000;-119.96677398681640625;
75520000;-120.94814300537109375;
75535000;-120.3480072021484375;
75550000;-120.11627197265625;
75565000;-121.1111297607421875;
75580000;-119.49738311767578125;
75595000;-121.41384124755859375;
75610000;-121.12348175048828125;
75625000;-121.497344970703125;
75640000;-119.42910003662109375;
75655000;-119.522430419921875;
75670000;-119.077667236328125;
75685000;-120.9033966064453125;
75700000;-119.568023681640625;
75715000;-118.45534515380859375;
75730000;-120.66756439208984375;
75745000;-120.2475433349609375;
75760000;-119.80142974853515625;
75775000;-120.2553558349609375;
75790000;-119.93958282470703125;
75805000;-117.0409698486328125;
75820000;-119.4009552001953125;
75835000;-123.47949981689453125;
75850000;-119.75286865234375;
75865000;-118.58298492431640625;
75880000;-119.97657012939453125;
75895000;-120.84481048583984375;
75910000;-121.1992950439453125;
75925000;-119.599395751953125;
75940000;-118.62835693359375;
75955000;-119.15892791748046875;
75970000;-122.6170196533203125;
75985000;-121.37609100341796875;
76000000;-119.958770751953125;
76015000;-121.1892852783203125;
76030000;-120.52194976806640625;
76045000;-120.91265869140625;
76060000;-118.69884490966796875;
76075000;-119.867645263671875;
76090000;-120.87191009521484375;
76105000;-120.139556884765625;
76120000;-117.42639923095703125;
76135000;-119.63117218017578125;
76150000;-120.23697662353515625;
76165000;-119.53426361083984375;
76180000;-116.551361083984375;
76195000;-118.85222625732421875;
76210000;-119.6444091796875;
76225000;-118.92186737060546875;
76240000;-118.15346527099609375;
76255000;-119.25136566162109375;
76270000;-120.51778411865234375;
76285000;-121.5152130126953125;
76300000;-119.251739501953125;
76315000;-120.6210479736328125;
76330000;-118.9971771240234375;
76345000;-122.351837158203125;
76360000;-119.7461090087890625;
76375000;-122.35359954833984375;
76390000;-118.87982177734375;
76405000;-121.2954559326171875;
76420000;-118.7891693115234375;
76435000;-118.97692108154296875;
76450000;-118.1328887939453125;
76465000;-118.932647705078125;
76480000;-119.2067718505859375;
76495000;-122.4293060302734375;
76510000;-121.1253814697265625;
76525000;-118.08837127685546875;
76540000;-120.96845245361328125;
76555000;-118.45749664306640625;
76570000;-116.4841156005859375;
76585000;-119.0175018310546875;
76600000;-118.7338714599609375;
76615000;-119.9603729248046875;
76630000;-120.131378173828125;
76645000;-120.9228973388671875;
76660000;-119.6936798095703125;
76675000;-120.1761932373046875;
76690000;-124.00836181640625;
76705000;-119.18183135986328125;
76720000;-119.8665008544921875;
76735000;-121.30609893798828125;
76750000;-119.89975738525390625;
76765000;-121.1738128662109375;
76780000;-118.4056549072265625;
76795000;-119.05707550048828125;
76810000;-119.03018951416015625;
76825000;-119.7675323486328125;
76840000;-120.338653564453125;
76855000;-121.39756011962890625;
76870000;-120.2174224853515625;
76885000;-120.27159881591796875;
76900000;-120.487091064453125;
76915000;-119.6418304443359375;
76930000;-120.97480010986328125;
76945000;-117.25722503662109375;
76960000;-120.9335479736328125;
76975000;-123.05936431884765625;
76990000;-118.69916534423828125;
77005000;-120.20372772216796875;
77020000;-122.35009002685546875;
77035000;-123.173583984375;
77050000;-122.45954132080078125;
77065000;-121.8856201171875;
77080000;-119.03391265869140625;
77095000;-119.84844207763671875;
77110000;-119.52274322509765625;
77125000;-119.962921142578125;
77140000;-121.63851165771484375;
77155000;-120.73467254638671875;
77170000;-122.9805755615234375;
77185000;-120.02764892578125;
77200000;-118.521575927734375;
77215000;-119.67081451416015625;
77230000;-121.293548583984375;
77245000;-120.155029296875;
77260000;-119.9087066650390625;
77275000;-120.124603271484375;
77290000;-120.6804962158203125;
77305000;-118.6570587158203125;
77320000;-121.96857452392578125;
77335000;-121.04602813720703125;
77350000;-123.13510894775390625;
77365000;-120.20803070068359375;
77380000;-121.497344970703125;
77395000;-121.450531005859375;
77410000;-121.78508758544921875;
77425000;-122.76934814453125;
77440000;-121.75464630126953125;
77455000;-124.9579925537109375;
77470000;-120.6826629638671875;
77485000;-122.510009765625;
77500000;-122.56127166748046875;
