Type;ZNL6;
Version;1.50;
Date;06.Oct 2026;
Mode;ANALYZER;
Preamplifier;OFF;
Transducer;OFF;
Center Freq;70000000.000000;Hz
Freq Offset;0.000000;Hz
Start;62500000.000000;Hz
Stop;77500000.000000;Hz
Span;15000000.000000;Hz
Ref Level;-43.000000;dBm
Level Offset;0.000000;dB
Rf Att;0.000000;dB
El Att;0.000000;dB
RBW;1000.000000;Hz
VBW;1000.000000;Hz
SWT;0.015200;s
Sweep Count;0;
Window;1;Frequency Sweep
Ref Position;100.000000;%
Level Range;100.000000;dB
x-Axis;LIN;
y-Axis;LOG;
x-Unit;Hz;
y-Unit;dBm;
Trace;1;
Trace Mode;AVERAGE;
Detector;SAMPLE;
Values;1001;
62500000;-65.569183349609375;
62515000;-64.3909759521484375;
62530000;-66.596282958984375;
62545000;-67.694915771484375;
62560000;-65.6620941162109375;
62575000;-65.1684722900390625;
62590000;-64.859222412109375;
62605000;-66.66753387451171875;
62620000;-68.50756072998046875;
62635000;-67.7077484130859375;
62650000;-67.9714508056640625;
62665000;-66.74507904052734375;
62680000;-67.9485626220703125;
62695000;-63.688159942626953125;
62710000;-66.43059539794921875;
62725000;-69.3813934326171875;
62740000;-65.63066864013671875;
62755000;-65.924407958984375;
62770000;-65.01796722412109375;
62785000;-65.43177032470703125;
62800000;-67.5155029296875;
62815000;-66.28879547119140625;
62830000;-66.170257568359375;
62845000;-68.36536407470703125;
62860000;-65.9950714111328125;
62875000;-65.75302886962890625;
62890000;-67.65423583984375;
62905000;-66.83465576171875;
62920000;-64.53987884521484375;
62935000;-67.54364776611328125;
62950000;-64.91220855712890625;
62965000;-64.7430877685546875;
62980000;-66.08911895751953125;
62995000;-66.0379638671875;
63010000;-68.1779632568359375;
63025000;-66.85666656494140625;
63040000;-66.93404388427734375;
63055000;-67.77276611328125;
63070000;-66.15792083740234375;
63085000;-64.4855499267578125;
63100000;-67.51493072509765625;
63115000;-67.5403594970703125;
63130000;-65.68849945068359375;
63145000;-65.540313720703125;
63160000;-66.2168121337890625;
63175000;-67.32627105712890625;
63190000;-70.1023101806640625;
63205000;-62.961643218994140625;
63220000;-64.04782867431640625;
63235000;-66.9219512939453125;
63250000;-65.14566802978515625;
63265000;-65.0560760498046875;
63280000;-68.9091339111328125;
63295000;-66.6002044677734375;
63310000;-64.925750732421875;
63325000;-68.15761566162109375;
63340000;-65.71794891357421875;
63355000;-66.58892059326171875;
63370000;-65.4784088134765625;
63385000;-67.7894744873046875;
63400000;-66.29483795166015625;
63415000;-64.80905914306640625;
63430000;-64.6953887939453125;
63445000;-65.73626708984375;
63460000;-66.9287261962890625;
63475000;-66.3780670166015625;
63490000;-66.22005462646484375;
63505000;-66.36188507080078125;
63520000;-65.018890380859375;
63535000;-64.91936492919921875;
63550000;-67.40160369873046875;
63565000;-65.85155487060546875;
63580000;-65.83072662353515625;
63595000;-64.24916839599609375;
63610000;-64.77691650390625;
63625000;-65.56067657470703125;
63640000;-63.1174468994140625;
63655000;-66.280517578125;
63670000;-65.3472747802734375;
63685000;-66.6006317138671875;
63700000;-66.6885833740234375;
63715000;-64.24251556396484375;
63730000;-64.959747314453125;
63745000;-69.8560638427734375;
63760000;-65.56430816650390625;
63775000;-65.74997711181640625;
63790000;-66.0600738525390625;
63805000;-65.186676025390625;
63820000;-67.53604888916015625;
63835000;-63.9749603271484375;
63850000;-66.55725860595703125;
63865000;-66.67034912109375;
63880000;-67.67462921142578125;
63895000;-66.41811370849609375;
63910000;-65.9618988037109375;
63925000;-65.35385894775390625;
63940000;-65.0097808837890625;
63955000;-65.5771331787109375;
63970000;-66.598175048828125;
63985000;-64.9219818115234375;
64000000;-66.99640655517578125;
64015000;-65.11885833740234375;
64030000;-66.25215911865234375;
64045000;-64.06264495849609375;
64060000;-66.222808837890625;
64075000;-63.789093017578125;
64090000;-65.99662017822265625;
64105000;-64.8361663818359375;
64120000;-66.7251739501953125;
64135000;-65.5781097412109375;
64150000;-65.5784149169921875;
64165000;-67.57776641845703125;
64180000;-67.60931396484375;
64195000;-64.65483856201171875;
64210000;-64.9745025634765625;
64225000;-66.2400360107421875;
64240000;-67.68398284912109375;
64255000;-64.8591766357421875;
64270000;-65.9996795654296875;
64285000;-68.1678924560546875;
64300000;-63.35315704345703125;
64315000;-65.68332672119140625;
64330000;-66.96248626708984375;
64345000;-67.68355560302734375;
64360000;-66.1715545654296875;
64375000;-65.14685821533203125;
64390000;-66.9178466796875;
64405000;-65.73819732666015625;
64420000;-69.0527496337890625;
64435000;-65.09511566162109375;
64450000;-65.73043060302734375;
64465000;-66.12079620361328125;
64480000;-65.45624542236328125;
64495000;-66.6393280029296875;
64510000;-66.35837554931640625;
64525000;-65.05870819091796875;
64540000;-66.50428009033203125;
64555000;-66.24349212646484375;
64570000;-64.3735504150390625;
64585000;-66.24187469482421875;
64600000;-66.29206085205078125;
64615000;-65.30052947998046875;
64630000;-66.61440277099609375;
64645000;-66.85298919677734375;
64660000;-66.752288818359375;
64675000;-66.1544952392578125;
64690000;-65.2143402099609375;
64705000;-65.46387481689453125;
64720000;-66.4638824462890625;
64735000;-66.6950225830078125;
64750000;-66.602325439453125;
64765000;-65.09521484375;
64780000;-64.91249847412109375;
64795000;-64.89698028564453125;
64810000;-65.6243896484375;
64825000;-65.6330718994140625;
64840000;-64.25345611572265625;
64855000;-65.0736541748046875;
64870000;-67.031768798828125;
64885000;-65.20257568359375;
64900000;-66.7422637939453125;
64915000;-64.2781829833984375;
64930000;-67.9131927490234375;
64945000;-67.529388427734375;
64960000;-64.98442840576171875;
64975000;-65.98534393310546875;
64990000;-62.842174530029296875;
65005000;-67.3255615234375;
65020000;-66.30474853515625;
65035000;-65.19657135009765625;
65050000;-66.82064056396484375;
65065000;-65.971466064453125;
65080000;-64.5115814208984375;
65095000;-64.88153076171875;
65110000;-64.76895904541015625;
65125000;-65.24237823486328125;
65140000;-65.31494140625;
65155000;-66.1023712158203125;
65170000;-65.39278411865234375;
65185000;-66.7304840087890625;
65200000;-66.36257171630859375;
65215000;-66.7655181884765625;
65230000;-64.16161346435546875;
65245000;-65.63863372802734375;
65260000;-65.6055450439453125;
65275000;-67.11966705322265625;
65290000;-66.06179046630859375;
65305000;-65.912445068359375;
65320000;-64.31170654296875;
65335000;-64.4800262451171875;
65350000;-65.18181610107421875;
65365000;-65.49895477294921875;
65380000;-66.091705322265625;
65395000;-65.21527099609375;
65410000;-65.3064727783203125;
65425000;-66.872711181640625;
65440000;-64.66986083984375;
65455000;-65.13224029541015625;
65470000;-69.7444915771484375;
65485000;-65.66747283935546875;
65500000;-64.1887664794921875;
65515000;-66.02496337890625;
65530000;-67.1158599853515625;
65545000;-65.3908843994140625;
65560000;-64.754638671875;
65575000;-65.8675384521484375;
65590000;-67.39998626708984375;
65605000;-64.8264923095703125;
65620000;-64.5579071044921875;
65635000;-65.50940704345703125;
65650000;-66.237152099609375;
65665000;-65.25287628173828125;
65680000;-65.37713623046875;
65695000;-64.04100799560546875;
65710000;-65.211456298828125;
65725000;-65.62348175048828125;
65740000;-63.1295318603515625;
65755000;-65.53827667236328125;
65770000;-64.2366943359375;
65785000;-65.39826202392578125;
65800000;-67.92832183837890625;
65815000;-69.796356201171875;
65830000;-66.52094268798828125;
65845000;-65.852874755859375;
65860000;-65.73076629638671875;
65875000;-66.2250823974609375;
65890000;-64.96112823486328125;
65905000;-63.98233795166015625;
65920000;-64.02005767822265625;
65935000;-66.360382080078125;
65950000;-64.836029052734375;
65965000;-66.20867156982421875;
65980000;-65.48952484130859375;
65995000;-65.06685638427734375;
66010000;-67.53522491455078125;
66025000;-65.35013580322265625;
66040000;-65.4486541748046875;
66055000;-66.02166748046875;
66070000;-65.29257965087890625;
66085000;-65.4218902587890625;
66100000;-64.68172454833984375;
66115000;-64.68029022216796875;
66130000;-65.564056396484375;
66145000;-64.67018890380859375;
66160000;-64.152252197265625;
66175000;-63.871944427490234375;
66190000;-64.3209381103515625;
66205000;-63.94651031494140625;
66220000;-65.8102264404296875;
66235000;-65.32275390625;
66250000;-64.13323211669921875;
66265000;-64.602813720703125;
66280000;-64.9747161865234375;
66295000;-65.9813232421875;
66310000;-66.6337127685546875;
66325000;-64.785858154296875;
66340000;-65.877593994140625;
66355000;-63.701396942138671875;
66370000;-64.76570892333984375;
66385000;-64.719482421875;
66400000;-63.232250213623046875;
66415000;-64.296722412109375;
66430000;-63.81383514404296875;
66445000;-63.98038482666015625;
66460000;-62.606536865234375;
66475000;-66.14719390869140625;
66490000;-65.67626953125;
66505000;-66.6239166259765625;
66520000;-64.5242767333984375;
66535000;-65.7906341552734375;
66550000;-63.907558441162109375;
66565000;-63.42144775390625;
66580000;-64.8187255859375;
66595000;-62.511829376220703125;
66610000;-64.23326873779296875;
66625000;-65.7443084716796875;
66640000;-66.7505035400390625;
66655000;-64.41584014892578125;
66670000;-63.63552093505859375;
66685000;-66.21720123291015625;
66700000;-67.1878814697265625;
66715000;-64.57508087158203125;
66730000;-64.0702667236328125;
66745000;-65.44989776611328125;
66760000;-66.46532440185546875;
66775000;-64.42932891845703125;
66790000;-65.55722808837890625;
66805000;-63.775356292724609375;
66820000;-64.8264007568359375;
66835000;-65.03569793701171875;
66850000;-66.56040191650390625;
66865000;-64.9052734375;
66880000;-64.8334503173828125;
66895000;-63.664218902587890625;
66910000;-64.32157135009765625;
66925000;-64.12242889404296875;
66940000;-65.185089111328125;
66955000;-64.81006622314453125;
66970000;-64.9463043212890625;
66985000;-65.35642242431640625;
67000000;-65.077301025390625;
67015000;-63.552791595458984375;
67030000;-65.617950439453125;
67045000;-67.40398406982421875;
67060000;-65.29878997802734375;
67075000;-68.9775848388671875;
67090000;-63.082057952880859375;
67105000;-64.4971160888671875;
67120000;-64.31055450439453125;
67135000;-66.00397491455078125;
67150000;-65.08425140380859375;
67165000;-64.72412872314453125;
67180000;-65.80426025390625;
67195000;-65.0727996826171875;
67210000;-65.5046234130859375;
67225000;-64.51092529296875;
67240000;-63.034912109375;
67255000;-65.83416748046875;
67270000;-64.08683013916015625;
67285000;-67.332489013671875;
67300000;-65.87329864501953125;
67315000;-63.99045562744140625;
67330000;-64.57183837890625;
67345000;-63.2033843994140625;
67360000;-66.6364288330078125;
67375000;-66.49359130859375;
67390000;-63.99752044677734375;
67405000;-64.65206146240234375;
67420000;-67.08868408203125;
67435000;-65.344451904296875;
67450000;-63.897411346435546875;
67465000;-65.39727783203125;
67480000;-66.046356201171875;
67495000;-67.154937744140625;
67510000;-65.36127471923828125;
67525000;-63.4159088134765625;
67540000;-64.4597625732421875;
67555000;-65.790863037109375;
67570000;-63.7626190185546875;
67585000;-67.47483062744140625;
67600000;-65.89665985107421875;
67615000;-68.13068389892578125;
67630000;-64.6406402587890625;
67645000;-65.20082855224609375;
67660000;-64.3104095458984375;
67675000;-64.0559539794921875;
67690000;-65.7842559814453125;
67705000;-66.182952880859375;
67720000;-63.746662139892578125;
67735000;-66.361724853515625;
67750000;-62.960174560546875;
67765000;-67.11873626708984375;
67780000;-65.09685516357421875;
67795000;-64.7966461181640625;
67810000;-65.12481689453125;
67825000;-65.5972442626953125;
67840000;-65.577880859375;
67855000;-64.39821624755859375;
67870000;-65.6245880126953125;
67885000;-63.866909027099609375;
67900000;-66.649169921875;
67915000;-65.09186553955078125;
67930000;-63.648220062255859375;
67945000;-63.500774383544921875;
67960000;-64.253082275390625;
67975000;-64.23166656494140625;
67990000;-63.977809906005859375;
68005000;-63.434192657470703125;
68020000;-64.33379364013671875;
68035000;-63.952236175537109375;
68050000;-64.7922821044921875;
68065000;-65.2586517333984375;
68080000;-63.563198089599609375;
68095000;-64.47809600830078125;
68110000;-63.496883392333984375;
68125000;-64.99509429931640625;
68140000;-64.975830078125;
68155000;-64.0531005859375;
68170000;-63.531463623046875;
68185000;-66.40845489501953125;
68200000;-64.2129669189453125;
68215000;-62.90421295166015625;
68230000;-62.48119354248046875;
68245000;-65.39794921875;
68260000;-65.27533721923828125;
68275000;-64.89153289794921875;
68290000;-65.39579010009765625;
68305000;-63.38896942138671875;
68320000;-64.48255157470703125;
68335000;-61.498699188232421875;
68350000;-62.1872406005859375;
68365000;-62.137378692626953125;
68380000;-64.341583251953125;
68395000;-63.08058929443359375;
68410000;-63.368289947509765625;
68425000;-64.497406005859375;
68440000;-62.558483123779296875;
68455000;-61.246227264404296875;
68470000;-62.738140106201171875;
68485000;-63.238842010498046875;
68500000;-64.29921722412109375;
68515000;-63.4493408203125;
68530000;-63.7570343017578125;
68545000;-61.074493408203125;
68560000;-62.798213958740234375;
68575000;-59.277942657470703125;
68590000;-63.241405487060546875;
68605000;-62.810626983642578125;
68620000;-63.34151458740234375;
68635000;-65.32913970947265625;
68650000;-62.2507476806640625;
68665000;-60.26709747314453125;
68680000;-60.5015869140625;
68695000;-60.736072540283203125;
68710000;-60.293701171875;
68725000;-59.982334136962890625;
68740000;-63.899471282958984375;
68755000;-60.629180908203125;
68770000;-59.031524658203125;
68785000;-59.8335723876953125;
68800000;-61.4867401123046875;
68815000;-61.64727783203125;
68830000;-60.361782073974609375;
68845000;-60.683406829833984375;
68860000;-60.1792755126953125;
68875000;-58.27752685546875;
68890000;-61.736606597900390625;
68905000;-63.60446929931640625;
68920000;-60.25717926025390625;
68935000;-62.720645904541015625;
68950000;-62.47118377685546875;
68965000;-57.98166656494140625;
68980000;-59.487972259521484375;
68995000;-57.839504241943359375;
69010000;-58.87604522705078125;
69025000;-61.331531524658203125;
69040000;-60.25397491455078125;
69055000;-58.18346405029296875;
69070000;-57.976959228515625;
69085000;-57.23912811279296875;
69100000;-61.299106597900390625;
69115000;-59.610443115234375;
69130000;-60.246097564697265625;
69145000;-59.49851226806640625;
69160000;-57.7481689453125;
69175000;-60.42487335205078125;
69190000;-58.926074981689453125;
69205000;-58.13201141357421875;
69220000;-59.366119384765625;
69235000;-58.243499755859375;
69250000;-56.455272674560546875;
69265000;-59.572208404541015625;
69280000;-60.283679962158203125;
69295000;-57.457286834716796875;
69310000;-59.040325164794921875;
69325000;-57.98899078369140625;
69340000;-58.998958587646484375;
69355000;-56.81916046142578125;
69370000;-58.373592376708984375;
69385000;-57.721057891845703125;
69400000;-56.004795074462890625;
69415000;-56.64243316650390625;
69430000;-57.77001953125;
69445000;-57.78882598876953125;
69460000;-56.753482818603515625;
69475000;-59.405422210693359375;
69490000;-56.75290679931640625;
69505000;-57.004547119140625;
69520000;-56.206401824951171875;
69535000;-56.65703582763671875;
69550000;-56.2280426025390625;
69565000;-57.727874755859375;
69580000;-58.36722564697265625;
69595000;-58.770252227783203125;
69610000;-58.580265045166015625;
69625000;-57.342315673828125;
69640000;-58.90544891357421875;
69655000;-57.517780303955078125;
69670000;-56.63962554931640625;
69685000;-60.12131500244140625;
69700000;-57.80255889892578125;
69715000;-57.48809051513671875;
69730000;-55.78908538818359375;
69745000;-59.125385284423828125;
69760000;-55.224559783935546875;
69775000;-57.89321136474609375;
69790000;-56.17548370361328125;
69805000;-56.08984375;
69820000;-59.173587799072265625;
69835000;-58.045970916748046875;
69850000;-56.928760528564453125;
69865000;-56.436138153076171875;
69880000;-56.7046051025390625;
69895000;-56.270965576171875;
69910000;-57.32492828369140625;
69925000;-55.4169464111328125;
69940000;-57.13501739501953125;
69955000;-56.05785369873046875;
69970000;-56.634098052978515625;
69985000;-56.264068603515625;
70000000;-56.026702880859375;
70015000;-55.270397186279296875;
70030000;-55.380931854248046875;
70045000;-56.3072509765625;
70060000;-56.66748046875;
70075000;-57.5764007568359375;
70090000;-57.37599945068359375;
70105000;-57.67429351806640625;
70120000;-59.7204132080078125;
70135000;-57.116184234619140625;
70150000;-57.240772247314453125;
70165000;-56.449634552001953125;
70180000;-56.4039306640625;
70195000;-57.206329345703125;
70210000;-56.83693695068359375;
70225000;-58.279186248779296875;
70240000;-57.312328338623046875;
70255000;-57.83220672607421875;
70270000;-57.684070587158203125;
70285000;-58.934154510498046875;
70300000;-57.047939300537109375;
70315000;-59.5953521728515625;
70330000;-57.27249908447265625;
70345000;-56.2028350830078125;
70360000;-58.473171234130859375;
70375000;-57.481327056884765625;
70390000;-58.332904815673828125;
70405000;-58.07498931884765625;
70420000;-57.2418060302734375;
70435000;-55.563480377197265625;
70450000;-57.329586029052734375;
70465000;-59.761058807373046875;
70480000;-57.8159637451171875;
70495000;-57.13547515869140625;
70510000;-57.281970977783203125;
70525000;-55.71338653564453125;
70540000;-59.50275421142578125;
70555000;-56.433597564697265625;
70570000;-56.660839080810546875;
70585000;-57.40232086181640625;
70600000;-58.387950897216796875;
70615000;-60.216766357421875;
70630000;-58.797977447509765625;
70645000;-57.420032501220703125;
70660000;-57.437419891357421875;
70675000;-58.0561065673828125;
70690000;-57.3239288330078125;
70705000;-56.8762664794921875;
70720000;-60.365917205810546875;
70735000;-56.575511932373046875;
70750000;-58.62505340576171875;
70765000;-60.69762420654296875;
70780000;-60.904422760009765625;
70795000;-56.39353179931640625;
70810000;-59.38486480712890625;
70825000;-58.355243682861328125;
70840000;-60.233409881591796875;
70855000;-57.38210296630859375;
70870000;-59.7969818115234375;
70885000;-59.398555755615234375;
70900000;-58.363689422607421875;
70915000;-58.977977752685546875;
70930000;-59.3892669677734375;
70945000;-60.917896270751953125;
70960000;-59.78795623779296875;
70975000;-59.379528045654296875;
70990000;-57.935070037841796875;
71005000;-58.009654998779296875;
71020000;-59.710353851318359375;
71035000;-61.168865203857421875;
71050000;-58.92348480224609375;
71065000;-60.199695587158203125;
71080000;-59.959667205810546875;
71095000;-62.75142669677734375;
71110000;-61.704898834228515625;
71125000;-59.5218658447265625;
71140000;-61.064105987548828125;
71155000;-62.095767974853515625;
71170000;-61.245632171630859375;
71185000;-60.741123199462890625;
71200000;-62.464794158935546875;
71215000;-60.043914794921875;
71230000;-59.84387969970703125;
71245000;-64.35805511474609375;
71260000;-62.43384552001953125;
71275000;-62.505306243896484375;
71290000;-61.509410858154296875;
71305000;-60.2830963134765625;
71320000;-63.04180908203125;
71335000;-60.85491943359375;
71350000;-62.0184326171875;
71365000;-60.1860504150390625;
71380000;-61.378513336181640625;
71395000;-60.834720611572265625;
71410000;-62.24851226806640625;
71425000;-60.741954803466796875;
71440000;-62.995029449462890625;
71455000;-64.3249053955078125;
71470000;-62.271411895751953125;
71485000;-62.1452178955078125;
71500000;-63.76392364501953125;
71515000;-61.568080902099609375;
71530000;-64.9617156982421875;
71545000;-62.97097015380859375;
71560000;-61.71962738037109375;
71575000;-64.9862060546875;
71590000;-64.0256195068359375;
71605000;-62.90667724609375;
71620000;-64.7028961181640625;
71635000;-62.455532073974609375;
71650000;-60.30345916748046875;
71665000;-63.27600860595703125;
71680000;-61.46541595458984375;
71695000;-62.926982879638671875;
71710000;-62.7359161376953125;
71725000;-64.37474822998046875;
71740000;-63.631313323974609375;
71755000;-61.9294891357421875;
71770000;-64.06201171875;
71785000;-62.420627593994140625;
71800000;-63.297626495361328125;
71815000;-62.782215118408203125;
71830000;-61.848567962646484375;
71845000;-65.01953887939453125;
71860000;-65.4180450439453125;
71875000;-61.960052490234375;
71890000;-63.241855621337890625;
71905000;-65.0228729248046875;
71920000;-65.2743377685546875;
71935000;-63.918365478515625;
71950000;-65.00933074951171875;
71965000;-61.872379302978515625;
71980000;-64.760101318359375;
71995000;-62.158046722412109375;
72010000;-66.16320037841796875;
72025000;-60.781036376953125;
72040000;-63.493526458740234375;
72055000;-62.935741424560546875;
72070000;-62.77532958984375;
72085000;-58.540744781494140625;
72100000;-58.2450714111328125;
72115000;-56.0274200439453125;
72130000;-55.4466094970703125;
72145000;-56.24605560302734375;
72160000;-54.4999847412109375;
72175000;-58.3300628662109375;
72190000;-51.84722900390625;
72205000;-53.400417327880859375;
72220000;-52.50252532958984375;
72235000;-53.189117431640625;
72250000;-49.2880706787109375;
72265000;-48.52004241943359375;
72280000;-50.944301605224609375;
72295000;-49.3531036376953125;
72310000;-53.2350311279296875;
72325000;-50.39199066162109375;
72340000;-49.88779449462890625;
72355000;-50.164157867431640625;
72370000;-52.782665252685546875;
72385000;-50.71306610107421875;
72400000;-47.98130035400390625;
72415000;-50.184871673583984375;
72430000;-49.813495635986328125;
72445000;-51.25727081298828125;
72460000;-50.016178131103515625;
72475000;-51.465785980224609375;
72490000;-50.387783050537109375;
72505000;-51.3411102294921875;
72520000;-51.465137481689453125;
72535000;-53.9617156982421875;
72550000;-50.8263092041015625;
72565000;-50.19509124755859375;
72580000;-50.213039398193359375;
72595000;-50.305400848388671875;
72610000;-52.16119384765625;
72625000;-51.825107574462890625;
72640000;-51.171794891357421875;
72655000;-50.529754638671875;
72670000;-51.2248687744140625;
72685000;-51.257839202880859375;
72700000;-50.70220184326171875;
72715000;-50.368442535400390625;
72730000;-49.046543121337890625;
72745000;-54.12445831298828125;
72760000;-50.378658294677734375;
72775000;-48.467990875244140625;
72790000;-51.984996795654296875;
72805000;-51.93575286865234375;
72820000;-49.8338470458984375;
72835000;-51.9389495849609375;
72850000;-48.833431243896484375;
72865000;-50.141948699951171875;
72880000;-51.98090362548828125;
72895000;-49.155117034912109375;
72910000;-50.54465484619140625;
72925000;-50.1195220947265625;
72940000;-50.471126556396484375;
72955000;-52.533069610595703125;
72970000;-51.46829986572265625;
72985000;-50.083324432373046875;
73000000;-49.031879425048828125;
73015000;-50.82061767578125;
73030000;-52.2122955322265625;
73045000;-49.670703887939453125;
73060000;-48.35437774658203125;
73075000;-52.970378875732421875;
73090000;-48.41277313232421875;
73105000;-51.8993072509765625;
73120000;-47.859424591064453125;
73135000;-51.294551849365234375;
73150000;-49.47027587890625;
73165000;-52.25545501708984375;
73180000;-49.27733612060546875;
73195000;-49.399200439453125;
73210000;-48.118381500244140625;
73225000;-50.147792816162109375;
73240000;-50.160152435302734375;
73255000;-50.2851409912109375;
73270000;-48.94283294677734375;
73285000;-50.910762786865234375;
73300000;-50.6888427734375;
73315000;-50.017635345458984375;
73330000;-53.4890289306640625;
73345000;-52.82462310791015625;
73360000;-51.28319549560546875;
73375000;-49.834442138671875;
73390000;-49.717510223388671875;
73405000;-50.584415435791015625;
73420000;-50.6517486572265625;
73435000;-47.955963134765625;
73450000;-50.6530609130859375;
73465000;-50.988323211669921875;
73480000;-50.915584564208984375;
73495000;-51.628429412841796875;
73510000;-53.327861785888671875;
73525000;-50.391231536865234375;
73540000;-49.09371185302734375;
73555000;-52.09405517578125;
73570000;-51.51104736328125;
73585000;-51.79021453857421875;
73600000;-50.14818572998046875;
73615000;-49.84387969970703125;
73630000;-51.829662322998046875;
73645000;-50.049900054931640625;
73660000;-50.905040740966796875;
73675000;-49.591030120849609375;
73690000;-50.113986968994140625;
73705000;-48.37644195556640625;
73720000;-49.3593902587890625;
73735000;-49.760364532470703125;
73750000;-50.874889373779296875;
73765000;-48.861114501953125;
73780000;-49.8049774169921875;
73795000;-51.05638885498046875;
73810000;-49.123287200927734375;
73825000;-50.652545928955078125;
73840000;-51.815704345703125;
73855000;-50.336185455322265625;
73870000;-49.67557525634765625;
73885000;-50.832286834716796875;
73900000;-49.318004608154296875;
73915000;-51.96468353271484375;
73930000;-50.598491668701171875;
73945000;-50.016574859619140625;
73960000;-50.59159088134765625;
73975000;-51.912860870361328125;
73990000;-51.085277557373046875;
74005000;-51.2877655029296875;
74020000;-49.4493560791015625;
74035000;-48.919559478759765625;
74050000;-50.6269683837890625;
74065000;-50.357372283935546875;
74080000;-51.465335845947265625;
74095000;-50.232341766357421875;
74110000;-50.6226654052734375;
74125000;-49.622043609619140625;
74140000;-50.850116729736328125;
74155000;-49.577167510986328125;
74170000;-50.284969329833984375;
74185000;-50.615016937255859375;
74200000;-51.002460479736328125;
74215000;-51.50261688232421875;
74230000;-49.430797576904296875;
74245000;-50.94189453125;
74260000;-49.950870513916015625;
74275000;-49.1600341796875;
74290000;-50.7638092041015625;
74305000;-49.567028045654296875;
74320000;-52.745403289794921875;
74335000;-48.987003326416015625;
74350000;-49.213466644287109375;
74365000;-51.093402862548828125;
74380000;-49.192718505859375;
74395000;-49.42365264892578125;
74410000;-55.4752349853515625;
74425000;-49.45658111572265625;
74440000;-51.402957916259765625;
74455000;-50.941375732421875;
74470000;-50.62140655517578125;
74485000;-49.530574798583984375;
74500000;-51.5419158935546875;
74515000;-51.9844970703125;
74530000;-51.952892303466796875;
74545000;-52.425487518310546875;
74560000;-50.635753631591796875;
74575000;-52.638332366943359375;
74590000;-50.39672088623046875;
74605000;-50.56121826171875;
74620000;-50.202716827392578125;
74635000;-49.76795196533203125;
74650000;-49.2982940673828125;
74665000;-51.282886505126953125;
74680000;-50.078960418701171875;
74695000;-51.027927398681640625;
74710000;-49.627899169921875;
74725000;-47.84206390380859375;
74740000;-48.861087799072265625;
74755000;-51.949981689453125;
74770000;-50.87712860107421875;
74785000;-51.16928863525390625;
74800000;-51.086887359619140625;
74815000;-49.8785858154296875;
74830000;-51.888309478759765625;
74845000;-48.41098785400390625;
74860000;-49.806064605712890625;
74875000;-50.54441070556640625;
74890000;-55.525379180908203125;
74905000;-52.51514434814453125;
74920000;-55.12218475341796875;
74935000;-53.95580291748046875;
74950000;-53.64664459228515625;
74965000;-54.23223114013671875;
74980000;-60.41201019287109375;
74995000;-57.986675262451171875;
75010000;-60.240108489990234375;
75025000;-64.9389190673828125;
75040000;-65.48717498779296875;
75055000;-65.5195159912109375;
75070000;-63.54010772705078125;
75085000;-63.8682098388671875;
75100000;-65.2537841796875;
75115000;-64.0945281982421875;
75130000;-63.669200897216796875;
75145000;-59.71746826171875;
75160000;-60.125965118408203125;
75175000;-59.72780609130859375;
75190000;-60.3054046630859375;
75205000;-59.89014434814453125;
75220000;-60.573657989501953125;
75235000;-59.0963134765625;
75250000;-58.072235107421875;
75265000;-56.51441192626953125;
75280000;-57.53401947021484375;
75295000;-57.696544647216796875;
75310000;-59.604343414306640625;
75325000;-57.474658966064453125;
75340000;-58.617832183837890625;
75355000;-58.915325164794921875;
75370000;-57.24739837646484375;
75385000;-57.410564422607421875;
75400000;-58.023067474365234375;
75415000;-59.131092071533203125;
75430000;-58.964630126953125;
75445000;-57.51407623291015625;
75460000;-58.39813995361328125;
75475000;-57.643459320068359375;
75490000;-59.319614410400390625;
75505000;-58.533283233642578125;
75520000;-58.025585174560546875;
75535000;-58.46083831787109375;
75550000;-61.68042755126953125;
75565000;-59.086822509765625;
75580000;-56.51006317138671875;
75595000;-58.91294097900390625;
75610000;-58.51844024658203125;
75625000;-58.2635498046875;
75640000;-56.99153900146484375;
75655000;-56.50563812255859375;
75670000;-58.45611572265625;
75685000;-58.29502105712890625;
75700000;-57.725482940673828125;
75715000;-59.1900177001953125;
75730000;-57.782085418701171875;
75745000;-58.6150054931640625;
75760000;-57.0295562744140625;
75775000;-58.941318511962890625;
75790000;-59.62712860107421875;
75805000;-59.696590423583984375;
75820000;-59.115924835205078125;
75835000;-55.988353729248046875;
75850000;-57.546627044677734375;
75865000;-57.834056854248046875;
75880000;-56.34134674072265625;
75895000;-58.656330108642578125;
75910000;-57.94947052001953125;
75925000;-60.105438232421875;
75940000;-57.83225250244140625;
75955000;-56.480869293212890625;
75970000;-56.74906158447265625;
75985000;-57.8213653564453125;
76000000;-59.832275390625;
76015000;-60.265289306640625;
76030000;-57.87892913818359375;
76045000;-57.620769500732421875;
76060000;-58.569126129150390625;
76075000;-57.995250701904296875;
76090000;-59.223384857177734375;
76105000;-58.152530670166015625;
76120000;-60.292327880859375;
76135000;-57.60614776611328125;
76150000;-58.96382904052734375;
76165000;-57.017974853515625;
76180000;-58.5168609619140625;
76195000;-57.51242828369140625;
76210000;-59.4024810791015625;
76225000;-58.457386016845703125;
76240000;-56.3445587158203125;
76255000;-56.457088470458984375;
76270000;-57.084339141845703125;
76285000;-57.165676116943359375;
76300000;-57.86710357666015625;
76315000;-58.8032379150390625;
76330000;-59.68927764892578125;
76345000;-59.92437744140625;
76360000;-57.158298492431640625;
76375000;-63.258296966552734375;
76390000;-59.945270538330078125;
76405000;-57.379688262939453125;
76420000;-59.631412506103515625;
76435000;-58.365207672119140625;
76450000;-61.0399932861328125;
76465000;-58.055568695068359375;
76480000;-60.982494354248046875;
76495000;-62.17758941650390625;
76510000;-62.69028472900390625;
76525000;-61.730075836181640625;
76540000;-62.03070831298828125;
76555000;-64.070465087890625;
76570000;-61.350994110107421875;
76585000;-63.284915924072265625;
76600000;-61.94831085205078125;
76615000;-65.75177764892578125;
76630000;-64.11321258544921875;
76645000;-62.6596221923828125;
76660000;-62.992237091064453125;
76675000;-61.130718231201171875;
76690000;-59.726001739501953125;
76705000;-59.01290130615234375;
76720000;-61.542240142822265625;
76735000;-62.107143402099609375;
76750000;-60.207012176513671875;
76765000;-59.37900543212890625;
76780000;-59.722446441650390625;
76795000;-58.226619720458984375;
76810000;-57.649089813232421875;
76825000;-58.127590179443359375;
76840000;-57.81473541259765625;
76855000;-59.644886016845703125;
76870000;-59.3210601806640625;
76885000;-55.804347991943359375;
76900000;-57.339939117431640625;
76915000;-61.289012908935546875;
76930000;-60.310546875;
76945000;-60.1446380615234375;
76960000;-58.48040008544921875;
76975000;-57.961170196533203125;
76990000;-58.475070953369140625;
77005000;-57.997470855712890625;
77020000;-59.57398223876953125;
77035000;-55.17840576171875;
77050000;-57.42144775390625;
77065000;-57.018310546875;
77080000;-60.37456512451171875;
77095000;-59.404323577880859375;
77110000;-59.65955352783203125;
77125000;-58.78212738037109375;
77140000;-62.9517669677734375;
77155000;-62.866786956787109375;
77170000;-62.576457977294921875;
77185000;-64.41535186767578125;
77200000;-62.664775848388671875;
77215000;-61.704132080078125;
77230000;-60.20905303955078125;
77245000;-60.688999176025390625;
77260000;-60.19826507568359375;
77275000;-60.9748992919921875;
77290000;-60.880809783935546875;
77305000;-60.13668060302734375;
77320000;-58.349880218505859375;
77335000;-58.504489898681640625;
77350000;-61.28878021240234375;
77365000;-57.61183929443359375;
77380000;-61.059635162353515625;
77395000;-60.80078887939453125;
77410000;-59.160861968994140625;
77425000;-61.080806732177734375;
77440000;-61.858318328857421875;
77455000;-59.934337615966796875;
77470000;-61.59903717041015625;
77485000;-61.590198516845703125;
77500000;-59.92273712158203125;
