Type;ZNL6;
Version;1.50;
Date;06.Oct 2026;
Mode;ANALYZER;
Preamplifier;OFF;
Transducer;OFF;
Center Freq;70000000.000000;Hz
Freq Offset;0.000000;Hz
Start;62500000.000000;Hz
Stop;77500000.000000;Hz
Span;15000000.000000;Hz
Ref Level;-33.000000;dBm
Level Offset;0.000000;dB
Rf Att;0.000000;dB
El Att;0.000000;dB
RBW;1000.000000;Hz
VBW;1000.000000;Hz
SWT;0.015200;s
Sweep Count;0;
Window;1;Frequency Sweep
Ref Position;100.000000;%
Level Range;100.000000;dB
x-Axis;LIN;
y-Axis;LOG;
x-Unit;Hz;
y-Unit;dBm;
Trace;1;
Trace Mode;AVERAGE;
Detector;SAMPLE;
Values;1001;
62500000;-78.50860595703125;
62515000;-75.08316802978515625;
62530000;-75.04067230224609375;
62545000;-77.15734100341796875;
62560000;-75.9773712158203125;
62575000;-74.9743194580078125;
62590000;-76.63515472412109375;
62605000;-74.01268768310546875;
62620000;-75.5025787353515625;
62635000;-74.77178192138671875;
62650000;-78.685882568359375;
62665000;-73.75159454345703125;
62680000;-74.6351318359375;
62695000;-74.6933746337890625;
62710000;-75.72483062744140625;
62725000;-75.22540283203125;
62740000;-72.53820037841796875;
62755000;-76.38462066650390625;
62770000;-75.2475738525390625;
62785000;-75.7166900634765625;
62800000;-72.27440643310546875;
62815000;-73.91839599609375;
62830000;-73.09358978271484375;
62845000;-73.4915771484375;
62860000;-73.6271514892578125;
62875000;-74.1480712890625;
62890000;-74.97235107421875;
62905000;-75.89385223388671875;
62920000;-74.91085052490234375;
62935000;-76.7165374755859375;
62950000;-72.9750213623046875;
62965000;-74.428375244140625;
62980000;-76.9892425537109375;
62995000;-78.85935211181640625;
63010000;-77.9621124267578125;
63025000;-78.85128021240234375;
63040000;-77.762481689453125;
63055000;-79.54638671875;
63070000;-78.26680755615234375;
63085000;-78.7036590576171875;
63100000;-76.2181396484375;
63115000;-79.2959442138671875;
63130000;-77.58214569091796875;
63145000;-78.3350677490234375;
63160000;-77.5963287353515625;
63175000;-78.4431610107421875;
63190000;-79.4583740234375;
63205000;-80.1854095458984375;
63220000;-77.37332916259765625;
63235000;-79.8941802978515625;
63250000;-77.44333648681640625;
63265000;-77.38036346435546875;
63280000;-79.8180389404296875;
63295000;-78.52986907958984375;
63310000;-77.1353302001953125;
63325000;-75.8434906005859375;
63340000;-79.11065673828125;
63355000;-77.59466552734375;
63370000;-76.14302825927734375;
63385000;-76.35527801513671875;
63400000;-76.300628662109375;
63415000;-75.94261932373046875;
63430000;-74.57656097412109375;
63445000;-76.590301513671875;
63460000;-77.844146728515625;
63475000;-75.0976104736328125;
63490000;-75.83658599853515625;
63505000;-75.66656494140625;
63520000;-74.26934814453125;
63535000;-74.23082733154296875;
63550000;-72.43233489990234375;
63565000;-72.6343994140625;
63580000;-71.53777313232421875;
63595000;-72.95192718505859375;
63610000;-71.61190032958984375;
63625000;-72.9979095458984375;
63640000;-70.3098602294921875;
63655000;-71.3464202880859375;
63670000;-70.4475860595703125;
63685000;-70.793670654296875;
63700000;-70.82038116455078125;
63715000;-68.640716552734375;
63730000;-69.21987152099609375;
63745000;-67.96208953857421875;
63760000;-67.8695220947265625;
63775000;-67.9749755859375;
63790000;-67.16078948974609375;
63805000;-68.3275299072265625;
63820000;-69.1707305908203125;
63835000;-64.63581085205078125;
63850000;-67.22900390625;
63865000;-66.04698944091796875;
63880000;-68.81859588623046875;
63895000;-71.47109222412109375;
63910000;-65.8441925048828125;
63925000;-66.19936370849609375;
63940000;-66.266510009765625;
63955000;-67.7696533203125;
63970000;-64.9706268310546875;
63985000;-65.21622467041015625;
64000000;-66.1812591552734375;
64015000;-63.28496551513671875;
64030000;-65.06021881103515625;
64045000;-66.8471832275390625;
64060000;-63.622623443603515625;
64075000;-65.42336273193359375;
64090000;-66.2405242919921875;
64105000;-66.36113739013671875;
64120000;-67.07985687255859375;
64135000;-66.365203857421875;
64150000;-65.82463836669921875;
64165000;-64.8040008544921875;
64180000;-67.39864349365234375;
64195000;-65.6398468017578125;
64210000;-66.79083251953125;
64225000;-66.29339599609375;
64240000;-66.67798614501953125;
64255000;-67.281219482421875;
64270000;-64.13686370849609375;
64285000;-66.7745208740234375;
64300000;-66.67890167236328125;
64315000;-66.24370574951171875;
64330000;-65.1476593017578125;
64345000;-67.43978118896484375;
64360000;-69.74941253662109375;
64375000;-69.75724029541015625;
64390000;-67.42559051513671875;
64405000;-65.85327911376953125;
64420000;-69.1483612060546875;
64435000;-65.95209503173828125;
64450000;-68.35128021240234375;
64465000;-67.9962310791015625;
64480000;-67.99933624267578125;
64495000;-67.85977935791015625;
64510000;-70.32619476318359375;
64525000;-69.05263519287109375;
64540000;-70.56075286865234375;
64555000;-70.6681671142578125;
64570000;-71.1834716796875;
64585000;-72.6456756591796875;
64600000;-71.92791748046875;
64615000;-69.4578857421875;
64630000;-69.70084381103515625;
64645000;-70.57599639892578125;
64660000;-71.2129058837890625;
64675000;-71.1950531005859375;
64690000;-73.5829925537109375;
64705000;-70.7549285888671875;
64720000;-69.058197021484375;
64735000;-71.88195037841796875;
64750000;-71.8759307861328125;
64765000;-69.67425537109375;
64780000;-72.708465576171875;
64795000;-70.83203125;
64810000;-70.97739410400390625;
64825000;-70.8832855224609375;
64840000;-70.47412872314453125;
64855000;-68.9828338623046875;
64870000;-70.05855560302734375;
64885000;-70.66992950439453125;
64900000;-71.18685150146484375;
64915000;-72.06102752685546875;
64930000;-68.93889617919921875;
64945000;-68.813385009765625;
64960000;-67.747100830078125;
64975000;-68.3055267333984375;
64990000;-69.3204193115234375;
65005000;-66.95624542236328125;
65020000;-68.78536224365234375;
65035000;-67.480926513671875;
65050000;-68.73681640625;
65065000;-66.80147552490234375;
65080000;-68.37592315673828125;
65095000;-67.87398529052734375;
65110000;-67.481536865234375;
65125000;-68.110260009765625;
65140000;-70.56439208984375;
65155000;-64.85732269287109375;
65170000;-68.05565643310546875;
65185000;-66.57047271728515625;
65200000;-67.46370697021484375;
65215000;-68.45052337646484375;
65230000;-68.16927337646484375;
65245000;-68.2100830078125;
65260000;-66.88161468505859375;
65275000;-65.506591796875;
65290000;-66.0029449462890625;
65305000;-66.88616180419921875;
65320000;-65.1023101806640625;
65335000;-67.1369476318359375;
65350000;-65.02640533447265625;
65365000;-66.088623046875;
65380000;-64.42186737060546875;
65395000;-67.28795623779296875;
65410000;-65.7187652587890625;
65425000;-66.65228271484375;
65440000;-67.9010467529296875;
65455000;-69.2961883544921875;
65470000;-67.0276336669921875;
65485000;-68.65549468994140625;
65500000;-68.520660400390625;
65515000;-69.31742095947265625;
65530000;-66.21112823486328125;
65545000;-64.4195404052734375;
65560000;-66.486236572265625;
65575000;-65.05191802978515625;
65590000;-68.98345947265625;
65605000;-67.76412200927734375;
65620000;-64.81790924072265625;
65635000;-66.73065185546875;
65650000;-64.7186126708984375;
65665000;-66.97017669677734375;
65680000;-68.211212158203125;
65695000;-64.2730560302734375;
65710000;-63.970981597900390625;
65725000;-66.35770416259765625;
65740000;-66.780364990234375;
65755000;-69.31833648681640625;
65770000;-64.9634552001953125;
65785000;-65.81939697265625;
65800000;-65.90319061279296875;
65815000;-64.77503204345703125;
65830000;-66.24774169921875;
65845000;-67.10436248779296875;
65860000;-65.036865234375;
65875000;-64.75640869140625;
65890000;-62.5557098388671875;
65905000;-64.07173919677734375;
65920000;-64.968170166015625;
65935000;-66.014251708984375;
65950000;-63.44983673095703125;
65965000;-60.890918731689453125;
65980000;-62.0392303466796875;
65995000;-60.50677490234375;
66010000;-62.209751129150390625;
66025000;-61.54573822021484375;
66040000;-61.559112548828125;
66055000;-60.58101654052734375;
66070000;-58.63648223876953125;
66085000;-59.3330535888671875;
66100000;-58.8489532470703125;
66115000;-57.689968109130859375;
66130000;-56.34246063232421875;
66145000;-56.5887451171875;
66160000;-57.916370391845703125;
66175000;-59.02071380615234375;
66190000;-57.680347442626953125;
66205000;-57.320728302001953125;
66220000;-56.0225677490234375;
66235000;-56.9858856201171875;
66250000;-55.3025054931640625;
66265000;-55.272705078125;
66280000;-55.938091278076171875;
66295000;-54.675006866455078125;
66310000;-54.99224853515625;
66325000;-54.34653472900390625;
66340000;-54.921718597412109375;
66355000;-54.96966552734375;
66370000;-55.901325225830078125;
66385000;-55.337345123291015625;
66400000;-54.251117706298828125;
66415000;-54.2433013916015625;
66430000;-55.2875213623046875;
66445000;-53.3355865478515625;
66460000;-54.0698699951171875;
66475000;-56.70384979248046875;
66490000;-52.84073638916015625;
66505000;-55.822185516357421875;
66520000;-53.37770843505859375;
66535000;-53.616180419921875;
66550000;-54.160526275634765625;
66565000;-55.04022216796875;
66580000;-52.672702789306640625;
66595000;-52.615436553955078125;
66610000;-52.66184234619140625;
66625000;-55.17829132080078125;
66640000;-54.663177490234375;
66655000;-54.944255828857421875;
66670000;-53.606243133544921875;
66685000;-56.75202178955078125;
66700000;-55.1865081787109375;
66715000;-54.52060699462890625;
66730000;-55.492801666259765625;
66745000;-53.434268951416015625;
66760000;-57.5548095703125;
66775000;-54.501861572265625;
66790000;-54.65252685546875;
66805000;-55.401859283447265625;
66820000;-54.75359344482421875;
66835000;-54.7301483154296875;
66850000;-57.0338287353515625;
66865000;-54.97028350830078125;
66880000;-57.62714385986328125;
66895000;-58.3985595703125;
66910000;-57.960399627685546875;
66925000;-57.779266357421875;
66940000;-58.068851470947265625;
66955000;-56.94358062744140625;
66970000;-55.9262237548828125;
66985000;-56.194599151611328125;
67000000;-58.59438323974609375;
67015000;-58.61334991455078125;
67030000;-57.629825592041015625;
67045000;-59.04195404052734375;
67060000;-58.6639251708984375;
67075000;-57.65857696533203125;
67090000;-62.0041961669921875;
67105000;-59.850833892822265625;
67120000;-59.107158660888671875;
67135000;-60.462188720703125;
67150000;-61.81253814697265625;
67165000;-60.744510650634765625;
67180000;-64.2847442626953125;
67195000;-61.7126312255859375;
67210000;-61.134227752685546875;
67225000;-63.986743927001953125;
67240000;-66.1385345458984375;
67255000;-64.443023681640625;
67270000;-64.0469512939453125;
67285000;-65.66846466064453125;
67300000;-64.10414886474609375;
67315000;-64.53112030029296875;
67330000;-64.28075408935546875;
67345000;-64.0531158447265625;
67360000;-66.4608306884765625;
67375000;-63.6682586669921875;
67390000;-65.39215087890625;
67405000;-65.49816131591796875;
67420000;-64.37860870361328125;
67435000;-63.77474212646484375;
67450000;-63.7469940185546875;
67465000;-61.9628753662109375;
67480000;-62.624454498291015625;
67495000;-62.7003631591796875;
67510000;-62.152400970458984375;
67525000;-59.91762542724609375;
67540000;-63.483448028564453125;
67555000;-61.305614471435546875;
67570000;-61.588512420654296875;
67585000;-59.19481658935546875;
67600000;-59.75885772705078125;
67615000;-60.94647979736328125;
67630000;-60.552608489990234375;
67645000;-61.924846649169921875;
67660000;-58.894649505615234375;
67675000;-58.512664794921875;
67690000;-56.998760223388671875;
67705000;-57.828853607177734375;
67720000;-58.542755126953125;
67735000;-54.75785064697265625;
67750000;-56.840496063232421875;
67765000;-57.89139556884765625;
67780000;-56.263072967529296875;
67795000;-55.752849578857421875;
67810000;-56.466701507568359375;
67825000;-57.175342559814453125;
67840000;-55.082611083984375;
67855000;-55.0236053466796875;
67870000;-55.0474853515625;
67885000;-56.225559234619140625;
67900000;-53.572277069091796875;
67915000;-55.55274200439453125;
67930000;-56.329433441162109375;
67945000;-52.91501617431640625;
67960000;-54.004962921142578125;
67975000;-53.7108917236328125;
67990000;-52.034526824951171875;
68005000;-53.22531890869140625;
68020000;-53.990879058837890625;
68035000;-52.68431854248046875;
68050000;-52.7279205322265625;
68065000;-52.593555450439453125;
68080000;-54.10052490234375;
68095000;-49.986896514892578125;
68110000;-52.51743316650390625;
68125000;-53.02759552001953125;
68140000;-52.34339141845703125;
68155000;-52.806026458740234375;
68170000;-50.080474853515625;
68185000;-52.584484100341796875;
68200000;-51.4014739990234375;
68215000;-51.418712615966796875;
68230000;-51.777774810791015625;
68245000;-51.75792694091796875;
68260000;-49.389148712158203125;
68275000;-49.428821563720703125;
68290000;-51.95429229736328125;
68305000;-49.80019378662109375;
68320000;-48.71424102783203125;
68335000;-48.935825347900390625;
68350000;-47.76654815673828125;
68365000;-46.24379730224609375;
68380000;-48.54278564453125;
68395000;-50.6881256103515625;
68410000;-47.69438934326171875;
68425000;-46.373493194580078125;
68440000;-47.186004638671875;
68455000;-45.485324859619140625;
68470000;-45.47136688232421875;
68485000;-47.40741729736328125;
68500000;-46.38394927978515625;
68515000;-46.78948211669921875;
68530000;-46.69449615478515625;
68545000;-47.4447784423828125;
68560000;-43.94425201416015625;
68575000;-45.25157928466796875;
68590000;-46.413482666015625;
68605000;-44.4814910888671875;
68620000;-44.390567779541015625;
68635000;-43.975513458251953125;
68650000;-44.833507537841796875;
68665000;-41.929531097412109375;
68680000;-44.043209075927734375;
68695000;-44.272861480712890625;
68710000;-43.921428680419921875;
68725000;-44.39508056640625;
68740000;-43.967761993408203125;
68755000;-43.091648101806640625;
68770000;-42.321399688720703125;
68785000;-42.619449615478515625;
68800000;-42.207183837890625;
68815000;-42.494159698486328125;
68830000;-43.472766876220703125;
68845000;-44.12811279296875;
68860000;-42.853137969970703125;
68875000;-42.158695220947265625;
68890000;-41.832195281982421875;
68905000;-43.559398651123046875;
68920000;-40.694690704345703125;
68935000;-41.80297088623046875;
68950000;-40.3445892333984375;
68965000;-43.761264801025390625;
68980000;-42.497821807861328125;
68995000;-40.1898956298828125;
69010000;-43.43707275390625;
69025000;-40.6935882568359375;
69040000;-42.975154876708984375;
69055000;-40.753200531005859375;
69070000;-40.053470611572265625;
69085000;-43.6701507568359375;
69100000;-41.175689697265625;
69115000;-39.47763824462890625;
69130000;-39.775463104248046875;
69145000;-39.105129241943359375;
69160000;-42.233417510986328125;
69175000;-40.515171051025390625;
69190000;-41.7562103271484375;
69205000;-41.238178253173828125;
69220000;-40.934673309326171875;
69235000;-42.118244171142578125;
69250000;-39.3549041748046875;
69265000;-42.30036163330078125;
69280000;-40.97937774658203125;
69295000;-42.126461029052734375;
69310000;-42.770854949951171875;
69325000;-42.19843292236328125;
69340000;-41.965576171875;
69355000;-41.126003265380859375;
69370000;-39.345733642578125;
69385000;-41.68099212646484375;
69400000;-41.29268646240234375;
69415000;-40.72585296630859375;
69430000;-40.93315887451171875;
69445000;-41.382396697998046875;
69460000;-39.725589752197265625;
69475000;-40.32016754150390625;
69490000;-39.4948272705078125;
69505000;-39.9752655029296875;
69520000;-39.772983551025390625;
69535000;-41.462284088134765625;
69550000;-42.147983551025390625;
69565000;-41.4829559326171875;
69580000;-39.831226348876953125;
69595000;-41.367595672607421875;
69610000;-40.417675018310546875;
69625000;-41.394695281982421875;
69640000;-39.906558990478515625;
69655000;-41.864715576171875;
69670000;-42.13446044921875;
69685000;-41.973270416259765625;
69700000;-41.429073333740234375;
69715000;-40.8624267578125;
69730000;-43.46381378173828125;
69745000;-43.1833953857421875;
69760000;-39.153789520263671875;
69775000;-41.083892822265625;
69790000;-42.952972412109375;
69805000;-42.04853057861328125;
69820000;-42.443752288818359375;
69835000;-39.054229736328125;
69850000;-42.0135040283203125;
69865000;-38.989971160888671875;
69880000;-42.3006439208984375;
69895000;-39.11148834228515625;
69910000;-41.40952301025390625;
69925000;-42.35051727294921875;
69940000;-39.68727874755859375;
69955000;-41.964878082275390625;
69970000;-41.24088287353515625;
69985000;-41.077381134033203125;
70000000;-40.9587554931640625;
70015000;-41.021060943603515625;
70030000;-42.24201202392578125;
70045000;-40.9702606201171875;
70060000;-41.467792510986328125;
70075000;-40.804958343505859375;
70090000;-42.628429412841796875;
70105000;-42.67996978759765625;
70120000;-42.144084930419921875;
70135000;-44.58493804931640625;
70150000;-41.7521820068359375;
70165000;-42.985324859619140625;
70180000;-42.895244598388671875;
70195000;-43.01055145263671875;
70210000;-42.234706878662109375;
70225000;-44.11016082763671875;
70240000;-44.15592193603515625;
70255000;-42.309734344482421875;
70270000;-44.483394622802734375;
70285000;-42.01220703125;
70300000;-43.648387908935546875;
70315000;-44.8023834228515625;
70330000;-42.035308837890625;
70345000;-43.560031890869140625;
70360000;-42.178249359130859375;
70375000;-43.7077789306640625;
70390000;-42.44614410400390625;
70405000;-42.7294921875;
70420000;-43.181705474853515625;
70435000;-45.511913299560546875;
70450000;-44.683940887451171875;
70465000;-45.458415985107421875;
70480000;-44.477001190185546875;
70495000;-43.344501495361328125;
70510000;-43.763065338134765625;
70525000;-45.098262786865234375;
70540000;-43.340709686279296875;
70555000;-44.48651885986328125;
70570000;-44.358852386474609375;
70585000;-44.1240997314453125;
70600000;-42.04299163818359375;
70615000;-42.1865234375;
70630000;-43.647274017333984375;
70645000;-45.30899810791015625;
70660000;-45.21170806884765625;
70675000;-44.32879638671875;
70690000;-44.832996368408203125;
70705000;-43.693874359130859375;
70720000;-42.07202911376953125;
70735000;-47.226543426513671875;
70750000;-43.254444122314453125;
70765000;-44.252399444580078125;
70780000;-46.27686309814453125;
70795000;-47.829082489013671875;
70810000;-45.18280029296875;
70825000;-46.0228118896484375;
70840000;-42.83443450927734375;
70855000;-45.73639678955078125;
70870000;-44.937969207763671875;
70885000;-41.717498779296875;
70900000;-43.412319183349609375;
70915000;-46.85144805908203125;
70930000;-44.27508544921875;
70945000;-45.801280975341796875;
70960000;-44.833614349365234375;
70975000;-48.332126617431640625;
70990000;-44.2780609130859375;
71005000;-46.902141571044921875;
71020000;-44.4415130615234375;
71035000;-46.8449554443359375;
71050000;-46.15770721435546875;
71065000;-45.3966217041015625;
71080000;-49.550846099853515625;
71095000;-48.767147064208984375;
71110000;-46.7072601318359375;
71125000;-48.76047515869140625;
71140000;-47.966701507568359375;
71155000;-47.874847412109375;
71170000;-48.25859832763671875;
71185000;-47.067211151123046875;
71200000;-47.29291534423828125;
71215000;-49.6021270751953125;
71230000;-47.02508544921875;
71245000;-46.09793853759765625;
71260000;-49.73974609375;
71275000;-48.867511749267578125;
71290000;-52.17188262939453125;
71305000;-49.644695281982421875;
71320000;-50.27392578125;
71335000;-50.614856719970703125;
71350000;-48.139965057373046875;
71365000;-52.63646697998046875;
71380000;-52.3277740478515625;
71395000;-51.656513214111328125;
71410000;-50.65619659423828125;
71425000;-50.291072845458984375;
71440000;-55.183437347412109375;
71455000;-50.98091888427734375;
71470000;-53.35265350341796875;
71485000;-52.668788909912109375;
71500000;-52.545314788818359375;
71515000;-51.78925323486328125;
71530000;-52.045989990234375;
71545000;-52.428131103515625;
71560000;-53.680820465087890625;
71575000;-52.835857391357421875;
71590000;-53.2220458984375;
71605000;-52.48484039306640625;
71620000;-53.478763580322265625;
71635000;-53.98442840576171875;
71650000;-52.354167938232421875;
71665000;-52.90062713623046875;
71680000;-52.496395111083984375;
71695000;-57.387699127197265625;
71710000;-56.205310821533203125;
71725000;-55.485004425048828125;
71740000;-55.103607177734375;
71755000;-55.237796783447265625;
71770000;-55.772918701171875;
71785000;-56.82122802734375;
71800000;-56.215732574462890625;
71815000;-54.354602813720703125;
71830000;-54.4808197021484375;
71845000;-57.4744415283203125;
71860000;-56.357196807861328125;
71875000;-56.79694366455078125;
71890000;-56.3254241943359375;
71905000;-55.593799591064453125;
71920000;-55.1277923583984375;
71935000;-56.20685577392578125;
71950000;-57.8411102294921875;
71965000;-58.11474609375;
71980000;-59.9756317138671875;
71995000;-58.24646759033203125;
72010000;-57.34455108642578125;
72025000;-59.263462066650390625;
72040000;-58.430339813232421875;
72055000;-60.848430633544921875;
72070000;-58.2362823486328125;
72085000;-60.23046112060546875;
72100000;-60.4999237060546875;
72115000;-59.6192474365234375;
72130000;-61.33889007568359375;
72145000;-60.20587921142578125;
72160000;-59.99423980712890625;
72175000;-59.5246734619140625;
72190000;-60.201679229736328125;
72205000;-59.688568115234375;
72220000;-61.44420623779296875;
72235000;-61.080928802490234375;
72250000;-62.5316314697265625;
72265000;-62.9671783447265625;
72280000;-62.24485015869140625;
72295000;-61.98876190185546875;
72310000;-62.9251251220703125;
72325000;-60.96012115478515625;
72340000;-64.01345062255859375;
72355000;-62.974395751953125;
72370000;-63.74422454833984375;
72385000;-64.54454803466796875;
72400000;-65.5623016357421875;
72415000;-66.9072113037109375;
72430000;-65.393798828125;
72445000;-63.41928863525390625;
72460000;-66.0242919921875;
72475000;-65.723419189453125;
72490000;-65.71092987060546875;
72505000;-64.0879058837890625;
72520000;-68.0491485595703125;
72535000;-67.9189605712890625;
72550000;-68.3855743408203125;
72565000;-69.7242889404296875;
72580000;-68.405303955078125;
72595000;-66.38068389892578125;
72610000;-69.78916168212890625;
72625000;-68.915557861328125;
72640000;-68.8221893310546875;
72655000;-68.03757476806640625;
72670000;-71.31233978271484375;
72685000;-67.7805023193359375;
72700000;-70.97332763671875;
72715000;-70.34900665283203125;
72730000;-68.99971771240234375;
72745000;-67.0190887451171875;
72760000;-68.6805877685546875;
72775000;-67.366912841796875;
72790000;-68.94063568115234375;
72805000;-65.92950439453125;
72820000;-64.41473388671875;
72835000;-68.09142303466796875;
72850000;-64.07115936279296875;
72865000;-64.09966278076171875;
72880000;-64.415435791015625;
72895000;-65.2648162841796875;
72910000;-63.02178955078125;
72925000;-62.45294189453125;
72940000;-63.787860870361328125;
72955000;-61.34581756591796875;
72970000;-62.478790283203125;
72985000;-60.3233642578125;
73000000;-61.303791046142578125;
73015000;-60.57611083984375;
73030000;-58.929195404052734375;
73045000;-58.81076812744140625;
73060000;-59.77075958251953125;
73075000;-61.345500946044921875;
73090000;-59.488407135009765625;
73105000;-61.310016632080078125;
73120000;-58.753887176513671875;
73135000;-61.456707000732421875;
73150000;-58.8638916015625;
73165000;-59.939044952392578125;
73180000;-58.57635498046875;
73195000;-60.774501800537109375;
73210000;-57.261272430419921875;
73225000;-59.40454864501953125;
73240000;-59.256725311279296875;
73255000;-59.6869354248046875;
73270000;-58.061450958251953125;
73285000;-58.465450286865234375;
73300000;-57.600948333740234375;
73315000;-58.36034393310546875;
73330000;-58.40299224853515625;
73345000;-60.71192169189453125;
73360000;-59.044849395751953125;
73375000;-57.18029022216796875;
73390000;-56.709842681884765625;
73405000;-57.55939483642578125;
73420000;-56.685909271240234375;
73435000;-59.4994659423828125;
73450000;-57.773029327392578125;
73465000;-58.82140350341796875;
73480000;-56.727901458740234375;
73495000;-58.50574493408203125;
73510000;-57.778682708740234375;
73525000;-56.06270599365234375;
73540000;-59.023464202880859375;
73555000;-59.923503875732421875;
73570000;-59.26255035400390625;
73585000;-58.933807373046875;
73600000;-58.694492340087890625;
73615000;-57.017894744873046875;
73630000;-61.284885406494140625;
73645000;-57.460025787353515625;
73660000;-59.619171142578125;
73675000;-58.807277679443359375;
73690000;-58.95415496826171875;
73705000;-58.895931243896484375;
73720000;-58.484710693359375;
73735000;-59.986232757568359375;
73750000;-59.067840576171875;
73765000;-59.28200531005859375;
73780000;-62.596775054931640625;
73795000;-61.8643798828125;
73810000;-59.950439453125;
73825000;-61.096683502197265625;
73840000;-59.887569427490234375;
73855000;-59.35028839111328125;
73870000;-62.655605316162109375;
73885000;-62.64083099365234375;
73900000;-62.35382843017578125;
73915000;-63.49311065673828125;
73930000;-63.84609222412109375;
73945000;-61.331089019775390625;
73960000;-64.724029541015625;
73975000;-63.24245452880859375;
73990000;-64.54297637939453125;
74005000;-67.93547821044921875;
74020000;-64.0574951171875;
74035000;-65.58621978759765625;
74050000;-68.1537628173828125;
74065000;-67.39690399169921875;
74080000;-67.7896728515625;
74095000;-66.06307220458984375;
74110000;-67.29619598388671875;
74125000;-66.8718719482421875;
74140000;-68.8058929443359375;
74155000;-68.1785125732421875;
74170000;-68.7640533447265625;
74185000;-68.147705078125;
74200000;-68.16764068603515625;
74215000;-66.81508636474609375;
74230000;-70.7387847900390625;
74245000;-69.9149017333984375;
74260000;-67.65532684326171875;
74275000;-68.84075927734375;
74290000;-69.47261810302734375;
74305000;-71.79615020751953125;
74320000;-69.6721649169921875;
74335000;-69.1090545654296875;
74350000;-69.25177001953125;
74365000;-68.45291900634765625;
74380000;-68.30127716064453125;
74395000;-69.2385711669921875;
74410000;-70.04566192626953125;
74425000;-68.3358306884765625;
74440000;-70.428192138671875;
74455000;-69.67534637451171875;
74470000;-69.73870086669921875;
74485000;-70.41428375244140625;
74500000;-68.674774169921875;
74515000;-69.1480255126953125;
74530000;-68.19193267822265625;
74545000;-69.10985565185546875;
74560000;-69.7512359619140625;
74575000;-68.2382659912109375;
74590000;-67.3978424072265625;
74605000;-67.09930419921875;
74620000;-68.447723388671875;
74635000;-68.96347808837890625;
74650000;-69.45241546630859375;
74665000;-67.69295501708984375;
74680000;-66.7427215576171875;
74695000;-69.32910919189453125;
74710000;-72.08762359619140625;
74725000;-67.456756591796875;
74740000;-70.72486114501953125;
74755000;-70.737030029296875;
74770000;-69.44022369384765625;
74785000;-71.06658172607421875;
74800000;-71.0613250732421875;
74815000;-69.432891845703125;
74830000;-68.89736175537109375;
74845000;-71.34862518310546875;
74860000;-70.561187744140625;
74875000;-68.5939483642578125;
74890000;-69.911224365234375;
74905000;-70.8325042724609375;
74920000;-70.34342193603515625;
74935000;-72.81109619140625;
74950000;-69.49265289306640625;
74965000;-71.38622283935546875;
74980000;-71.24851226806640625;
74995000;-69.93780517578125;
75010000;-70.2623443603515625;
75025000;-72.21994781494140625;
75040000;-70.0223388671875;
75055000;-70.52854156494140625;
75070000;-72.29196929931640625;
75085000;-70.3756561279296875;
75100000;-72.41100311279296875;
75115000;-74.1491851806640625;
75130000;-70.19110870361328125;
75145000;-71.1626129150390625;
75160000;-71.81218719482421875;
75175000;-71.6077880859375;
75190000;-69.52188873291015625;
75205000;-69.930450439453125;
75220000;-70.86606597900390625;
75235000;-70.238677978515625;
75250000;-69.40692138671875;
75265000;-71.1522216796875;
75280000;-70.11441802978515625;
75295000;-75.61325836181640625;
75310000;-73.40325927734375;
75325000;-71.93115997314453125;
75340000;-71.84194183349609375;
75355000;-67.878326416015625;
75370000;-70.252777099609375;
75385000;-70.7906494140625;
75400000;-69.806915283203125;
75415000;-68.12841796875;
75430000;-69.6892852783203125;
75445000;-67.54205322265625;
75460000;-68.9607086181640625;
75475000;-68.11388397216796875;
75490000;-67.8221282958984375;
75505000;-67.5137176513671875;
75520000;-67.71677398681640625;
75535000;-68.8907928466796875;
75550000;-66.08811187744140625;
75565000;-68.649871826171875;
75580000;-67.17034912109375;
75595000;-68.71630859375;
75610000;-69.81040191650390625;
75625000;-66.54632568359375;
75640000;-67.395294189453125;
75655000;-67.12160491943359375;
75670000;-66.37239837646484375;
75685000;-67.64239501953125;
75700000;-66.9443511962890625;
75715000;-65.099151611328125;
75730000;-65.34412384033203125;
75745000;-64.9488067626953125;
75760000;-65.1983642578125;
75775000;-66.48447418212890625;
75790000;-66.3297271728515625;
75805000;-65.05837249755859375;
75820000;-65.06842041015625;
75835000;-66.98250579833984375;
75850000;-63.75556182861328125;
75865000;-64.85211944580078125;
75880000;-64.8339080810546875;
75895000;-64.904205322265625;
75910000;-64.520050048828125;
75925000;-63.969085693359375;
75940000;-65.68112945556640625;
75955000;-65.7996673583984375;
75970000;-64.60413360595703125;
75985000;-62.368251800537109375;
76000000;-64.073944091796875;
76015000;-62.1489105224609375;
76030000;-63.804046630859375;
76045000;-63.178180694580078125;
76060000;-60.365234375;
76075000;-59.230926513671875;
76090000;-63.365299224853515625;
76105000;-62.117465972900390625;
76120000;-63.60889434814453125;
76135000;-65.13925933837890625;
76150000;-59.113712310791015625;
76165000;-61.01013946533203125;
76180000;-61.80490875244140625;
76195000;-59.1724853515625;
76210000;-57.634487152099609375;
76225000;-60.714214324951171875;
76240000;-57.54931640625;
76255000;-60.855892181396484375;
76270000;-61.076751708984375;
76285000;-61.40335845947265625;
76300000;-58.92055511474609375;
76315000;-58.029720306396484375;
76330000;-61.717868804931640625;
76345000;-57.665287017822265625;
76360000;-57.47924041748046875;
76375000;-60.583465576171875;
76390000;-58.33165740966796875;
76405000;-59.90900421142578125;
76420000;-58.864849090576171875;
76435000;-55.681667327880859375;
76450000;-57.568523406982421875;
76465000;-58.182037353515625;
76480000;-60.146907806396484375;
76495000;-54.99652862548828125;
76510000;-57.902629852294921875;
76525000;-59.24199676513671875;
76540000;-57.395206451416015625;
76555000;-54.47953033447265625;
76570000;-59.5793609619140625;
76585000;-55.979450225830078125;
76600000;-58.21237945556640625;
76615000;-56.116302490234375;
76630000;-56.550212860107421875;
76645000;-56.3019256591796875;
76660000;-54.610485076904296875;
76675000;-58.500209808349609375;
76690000;-55.02545166015625;
76705000;-53.481449127197265625;
76720000;-55.1952667236328125;
76735000;-54.496875762939453125;
76750000;-59.15582275390625;
76765000;-57.657276153564453125;
76780000;-54.461696624755859375;
76795000;-57.053516387939453125;
76810000;-56.00838470458984375;
76825000;-54.089366912841796875;
76840000;-54.6589508056640625;
76855000;-57.417842864990234375;
76870000;-55.503108978271484375;
76885000;-57.449798583984375;
76900000;-55.06755828857421875;
76915000;-52.727558135986328125;
76930000;-54.71768951416015625;
76945000;-56.1051483154296875;
76960000;-56.61811065673828125;
76975000;-56.69118499755859375;
76990000;-53.6115264892578125;
77005000;-56.0826416015625;
77020000;-56.567928314208984375;
77035000;-54.926845550537109375;
77050000;-57.4737091064453125;
77065000;-56.8485565185546875;
77080000;-53.681079864501953125;
77095000;-54.00653839111328125;
77110000;-56.638957977294921875;
77125000;-56.8940277099609375;
77140000;-52.2620391845703125;
77155000;-53.152923583984375;
77170000;-54.046863555908203125;
77185000;-53.877971649169921875;
77200000;-53.634868621826171875;
77215000;-53.07228851318359375;
77230000;-56.755908966064453125;
77245000;-57.486339569091796875;
77260000;-53.796863555908203125;
77275000;-52.33123016357421875;
77290000;-56.017604827880859375;
77305000;-56.67718505859375;
77320000;-55.338390350341796875;
77335000;-53.464931488037109375;
77350000;-54.031551361083984375;
77365000;-52.685260772705078125;
77380000;-55.08596038818359375;
77395000;-53.664669036865234375;
77410000;-53.44777679443359375;
77425000;-51.814563751220703125;
77440000;-51.18708038330078125;
77455000;-56.4564208984375;
77470000;-53.657604217529296875;
77485000;-54.42754364013671875;
77500000;-56.145233154296875;
