Type;ZNL6;
Version;1.50;
Date;06.Oct 2026;
Mode;ANALYZER;
Preamplifier;OFF;
Transducer;OFF;
Center Freq;70000000.000000;Hz
Freq Offset;0.000000;Hz
Start;62500000.000000;Hz
Stop;77500000.000000;Hz
Span;15000000.000000;Hz
Ref Level;-29.000000;dBm
Level Offset;0.000000;dB
Rf Att;0.000000;dB
El Att;0.000000;dB
RBW;1000.000000;Hz
VBW;1000.000000;Hz
SWT;0.015200;s
Sweep Count;0;
Window;1;Frequency Sweep
Ref Position;100.000000;%
Level Range;100.000000;dB
x-Axis;LIN;
y-Axis;LOG;
x-Unit;Hz;
y-Unit;dBm;
Trace;1;
Trace Mode;AVERAGE;
Detector;SAMPLE;
Values;1001;
62500000;-67.655853271484375;
62515000;-69.25336456298828125;
62530000;-70.9568939208984375;
62545000;-68.13835906982421875;
62560000;-67.492919921875;
62575000;-69.8554229736328125;
62590000;-69.87622833251953125;
62605000;-68.15740966796875;
62620000;-67.0266876220703125;
62635000;-67.01020050048828125;
62650000;-70.07236480712890625;
62665000;-67.265411376953125;
62680000;-66.85849761962890625;
62695000;-68.0036163330078125;
62710000;-68.3231964111328125;
62725000;-67.1768798828125;
62740000;-66.931793212890625;
62755000;-65.80535125732421875;
62770000;-71.98056793212890625;
62785000;-65.98885345458984375;
62800000;-67.823150634765625;
62815000;-66.36280059814453125;
62830000;-69.04918670654296875;
62845000;-68.64261627197265625;
62860000;-66.31103515625;
62875000;-69.34378814697265625;
62890000;-67.48526763916015625;
62905000;-67.963287353515625;
62920000;-66.8837890625;
62935000;-67.8653717041015625;
62950000;-71.81096649169921875;
62965000;-66.57271575927734375;
62980000;-66.9575958251953125;
62995000;-65.9386444091796875;
63010000;-67.8718414306640625;
63025000;-67.17537689208984375;
63040000;-70.4229583740234375;
63055000;-66.65569305419921875;
63070000;-66.2169036865234375;
63085000;-66.31713104248046875;
63100000;-66.2236785888671875;
63115000;-65.0413360595703125;
63130000;-64.92949676513671875;
63145000;-67.3530426025390625;
63160000;-69.309844970703125;
63175000;-66.7852630615234375;
63190000;-67.8341217041015625;
63205000;-67.24980926513671875;
63220000;-65.78688812255859375;
63235000;-70.991363525390625;
63250000;-65.8787384033203125;
63265000;-68.3312530517578125;
63280000;-65.9819488525390625;
63295000;-65.7173004150390625;
63310000;-66.5888519287109375;
63325000;-65.8233184814453125;
63340000;-67.71533966064453125;
63355000;-67.19058990478515625;
63370000;-67.70877838134765625;
63385000;-65.2822265625;
63400000;-65.7613525390625;
63415000;-64.35077667236328125;
63430000;-66.77112579345703125;
63445000;-67.55713653564453125;
63460000;-67.1242218017578125;
63475000;-68.42038726806640625;
63490000;-67.26250457763671875;
63505000;-64.577056884765625;
63520000;-67.27208709716796875;
63535000;-65.51206207275390625;
63550000;-68.1306304931640625;
63565000;-65.96633148193359375;
63580000;-64.51683807373046875;
63595000;-67.9300994873046875;
63610000;-64.81862640380859375;
63625000;-64.83480072021484375;
63640000;-67.0149383544921875;
63655000;-67.46628570556640625;
63670000;-65.00041961669921875;
63685000;-64.64797210693359375;
63700000;-67.5878753662109375;
63715000;-66.2430267333984375;
63730000;-66.909698486328125;
63745000;-64.604034423828125;
63760000;-67.34906005859375;
63775000;-65.8578338623046875;
63790000;-66.7101593017578125;
63805000;-65.647064208984375;
63820000;-64.3084869384765625;
63835000;-67.2009124755859375;
63850000;-63.185649871826171875;
63865000;-66.15338897705078125;
63880000;-65.9236907958984375;
63895000;-64.9082183837890625;
63910000;-65.54572296142578125;
63925000;-67.024200439453125;
63940000;-64.55355072021484375;
63955000;-64.6331329345703125;
63970000;-65.5743865966796875;
63985000;-66.8522796630859375;
64000000;-65.854949951171875;
64015000;-66.23012542724609375;
64030000;-64.1665496826171875;
64045000;-62.6724090576171875;
64060000;-64.014739990234375;
64075000;-63.318328857421875;
64090000;-63.805400848388671875;
64105000;-65.97115325927734375;
64120000;-65.2108306884765625;
64135000;-63.68628692626953125;
64150000;-62.783214569091796875;
64165000;-65.5439300537109375;
64180000;-67.5241851806640625;
64195000;-65.1657867431640625;
64210000;-62.78389739990234375;
64225000;-63.638545989990234375;
64240000;-64.84131622314453125;
64255000;-63.3991241455078125;
64270000;-63.3657073974609375;
64285000;-65.4324798583984375;
64300000;-65.7859344482421875;
64315000;-66.06125640869140625;
64330000;-63.99979400634765625;
64345000;-61.8290252685546875;
64360000;-63.75736236572265625;
64375000;-64.04082489013671875;
64390000;-65.89315032958984375;
64405000;-62.189788818359375;
64420000;-63.83501434326171875;
64435000;-64.388946533203125;
64450000;-63.777851104736328125;
64465000;-64.3287353515625;
64480000;-66.497161865234375;
64495000;-63.208526611328125;
64510000;-61.121929168701171875;
64525000;-63.799713134765625;
64540000;-62.110240936279296875;
64555000;-61.847686767578125;
64570000;-62.16168975830078125;
64585000;-65.52547454833984375;
64600000;-62.63309478759765625;
64615000;-62.944911956787109375;
64630000;-62.71675872802734375;
64645000;-64.32393646240234375;
64660000;-62.37137603759765625;
64675000;-62.524593353271484375;
64690000;-66.88521575927734375;
64705000;-62.084690093994140625;
64720000;-64.9102783203125;
64735000;-63.984386444091796875;
64750000;-61.6724395751953125;
64765000;-64.56586456298828125;
64780000;-63.175525665283203125;
64795000;-64.8865966796875;
64810000;-61.697052001953125;
64825000;-63.1752471923828125;
64840000;-63.3448333740234375;
64855000;-64.22481536865234375;
64870000;-61.9407501220703125;
64885000;-62.83339691162109375;
64900000;-62.229633331298828125;
64915000;-62.926483154296875;
64930000;-62.73274993896484375;
64945000;-61.109554290771484375;
64960000;-61.749370574951171875;
64975000;-64.18268585205078125;
64990000;-64.1948089599609375;
65005000;-62.895305633544921875;
65020000;-60.951152801513671875;
65035000;-62.6458892822265625;
65050000;-63.4044036865234375;
65065000;-62.111316680908203125;
65080000;-63.011783599853515625;
65095000;-62.999088287353515625;
65110000;-63.7194061279296875;
65125000;-62.86705780029296875;
65140000;-60.98171234130859375;
65155000;-60.28591156005859375;
65170000;-60.742946624755859375;
65185000;-63.526947021484375;
65200000;-63.104450225830078125;
65215000;-62.377681732177734375;
65230000;-60.711833953857421875;
65245000;-60.98149871826171875;
65260000;-60.6811370849609375;
65275000;-62.0699920654296875;
65290000;-60.371730804443359375;
65305000;-62.287548065185546875;
65320000;-61.301319122314453125;
65335000;-61.247356414794921875;
65350000;-62.5529632568359375;
65365000;-60.0421295166015625;
65380000;-59.8155364990234375;
65395000;-60.569789886474609375;
65410000;-63.1349029541015625;
65425000;-60.734710693359375;
65440000;-60.673625946044921875;
65455000;-58.785678863525390625;
65470000;-61.480072021484375;
65485000;-60.66576385498046875;
65500000;-61.30283355712890625;
65515000;-59.49322509765625;
65530000;-60.457759857177734375;
65545000;-60.883514404296875;
65560000;-62.566196441650390625;
65575000;-61.43627166748046875;
65590000;-58.583621978759765625;
65605000;-61.867397308349609375;
65620000;-60.3780517578125;
65635000;-60.238208770751953125;
65650000;-59.970794677734375;
65665000;-61.112335205078125;
65680000;-59.426013946533203125;
65695000;-60.412841796875;
65710000;-59.64681243896484375;
65725000;-63.07772064208984375;
65740000;-61.18475341796875;
65755000;-60.419361114501953125;
65770000;-57.91338348388671875;
65785000;-58.941593170166015625;
65800000;-62.259777069091796875;
65815000;-60.91423797607421875;
65830000;-59.487453460693359375;
65845000;-59.59436798095703125;
65860000;-57.82161712646484375;
65875000;-60.159290313720703125;
65890000;-59.095684051513671875;
65905000;-59.01877593994140625;
65920000;-60.912319183349609375;
65935000;-60.173023223876953125;
65950000;-60.35022735595703125;
65965000;-60.42678070068359375;
65980000;-59.87012481689453125;
65995000;-60.702091217041015625;
66010000;-58.794910430908203125;
66025000;-59.5788116455078125;
66040000;-59.150432586669921875;
66055000;-59.012142181396484375;
66070000;-62.646785736083984375;
66085000;-60.3090667724609375;
66100000;-58.6602325439453125;
66115000;-57.343265533447265625;
66130000;-57.638614654541015625;
66145000;-60.02587890625;
66160000;-59.422168731689453125;
66175000;-59.613086700439453125;
66190000;-59.35987091064453125;
66205000;-58.251224517822265625;
66220000;-58.87827301025390625;
66235000;-59.41922760009765625;
66250000;-58.6077423095703125;
66265000;-60.259250640869140625;
66280000;-57.922054290771484375;
66295000;-58.85083770751953125;
66310000;-58.1567840576171875;
66325000;-59.21146392822265625;
66340000;-60.88071441650390625;
66355000;-59.279541015625;
66370000;-58.74382781982421875;
66385000;-61.283329010009765625;
66400000;-60.0422210693359375;
66415000;-59.3809814453125;
66430000;-57.5039520263671875;
66445000;-58.787403106689453125;
66460000;-60.21306610107421875;
66475000;-58.69019317626953125;
66490000;-61.397777557373046875;
66505000;-57.24964141845703125;
66520000;-58.858417510986328125;
66535000;-60.34233856201171875;
66550000;-59.315410614013671875;
66565000;-59.459224700927734375;
66580000;-58.00016021728515625;
66595000;-58.84323883056640625;
66610000;-58.747394561767578125;
66625000;-61.620845794677734375;
66640000;-60.089466094970703125;
66655000;-60.44313812255859375;
66670000;-58.640270233154296875;
66685000;-58.8041229248046875;
66700000;-58.2468109130859375;
66715000;-58.722164154052734375;
66730000;-60.475887298583984375;
66745000;-61.196331024169921875;
66760000;-57.9266204833984375;
66775000;-58.488407135009765625;
66790000;-60.406940460205078125;
66805000;-59.48058319091796875;
66820000;-58.67098236083984375;
66835000;-58.135181427001953125;
66850000;-59.17789459228515625;
66865000;-57.517971038818359375;
66880000;-61.50959014892578125;
66895000;-60.3049774169921875;
66910000;-57.927875518798828125;
66925000;-59.420711517333984375;
66940000;-60.03578948974609375;
66955000;-58.00228118896484375;
66970000;-58.2738800048828125;
66985000;-58.95062255859375;
67000000;-59.976169586181640625;
67015000;-58.5649871826171875;
67030000;-61.3639068603515625;
67045000;-58.2772216796875;
67060000;-60.1084442138671875;
67075000;-60.161983489990234375;
67090000;-62.327449798583984375;
67105000;-57.210910797119140625;
67120000;-59.603565216064453125;
67135000;-59.243305206298828125;
67150000;-57.64264678955078125;
67165000;-60.779205322265625;
67180000;-58.90013885498046875;
67195000;-57.669345855712890625;
67210000;-58.076976776123046875;
67225000;-57.98918914794921875;
67240000;-58.775363922119140625;
67255000;-57.9378509521484375;
67270000;-61.831207275390625;
67285000;-58.664821624755859375;
67300000;-57.41924285888671875;
67315000;-58.130222320556640625;
67330000;-56.757228851318359375;
67345000;-58.753108978271484375;
67360000;-57.809322357177734375;
67375000;-58.75710296630859375;
67390000;-58.2268524169921875;
67405000;-57.56491851806640625;
67420000;-56.81401824951171875;
67435000;-59.556468963623046875;
67450000;-59.471408843994140625;
67465000;-57.75978851318359375;
67480000;-59.79170989990234375;
67495000;-56.54167938232421875;
67510000;-58.673999786376953125;
67525000;-57.453945159912109375;
67540000;-58.892711639404296875;
67555000;-57.308567047119140625;
67570000;-56.6416473388671875;
67585000;-55.527374267578125;
67600000;-59.6163330078125;
67615000;-57.324474334716796875;
67630000;-57.8756561279296875;
67645000;-55.7704620361328125;
67660000;-60.3934783935546875;
67675000;-56.989772796630859375;
67690000;-58.25041961669921875;
67705000;-57.321735382080078125;
67720000;-59.77123260498046875;
67735000;-60.974681854248046875;
67750000;-57.78783416748046875;
67765000;-56.925403594970703125;
67780000;-57.597076416015625;
67795000;-57.79911041259765625;
67810000;-57.487823486328125;
67825000;-56.16419219970703125;
67840000;-57.52660369873046875;
67855000;-56.167324066162109375;
67870000;-57.571125030517578125;
67885000;-58.123004913330078125;
67900000;-56.166866302490234375;
67915000;-55.9252166748046875;
67930000;-57.627559661865234375;
67945000;-58.352619171142578125;
67960000;-57.0884552001953125;
67975000;-57.82311248779296875;
67990000;-55.000370025634765625;
68005000;-57.39099884033203125;
68020000;-57.42205810546875;
68035000;-56.95891571044921875;
68050000;-56.495891571044921875;
68065000;-57.88201141357421875;
68080000;-57.2728271484375;
68095000;-59.006084442138671875;
68110000;-56.47199249267578125;
68125000;-57.956516265869140625;
68140000;-56.042697906494140625;
68155000;-56.21730804443359375;
68170000;-56.64253997802734375;
68185000;-57.290493011474609375;
68200000;-54.861743927001953125;
68215000;-55.663265228271484375;
68230000;-57.84186553955078125;
68245000;-55.94164276123046875;
68260000;-58.690158843994140625;
68275000;-58.507083892822265625;
68290000;-55.95526885986328125;
68305000;-54.6210784912109375;
68320000;-55.5006256103515625;
68335000;-54.4763946533203125;
68350000;-53.437274932861328125;
68365000;-53.491001129150390625;
68380000;-54.541469573974609375;
68395000;-52.519763946533203125;
68410000;-55.599552154541015625;
68425000;-54.0377197265625;
68440000;-52.182163238525390625;
68455000;-52.853023529052734375;
68470000;-56.166820526123046875;
68485000;-53.949535369873046875;
68500000;-51.057464599609375;
68515000;-50.144153594970703125;
68530000;-52.76615142822265625;
68545000;-51.252796173095703125;
68560000;-53.16750335693359375;
68575000;-51.302562713623046875;
68590000;-50.494693756103515625;
68605000;-51.82806396484375;
68620000;-47.802459716796875;
68635000;-51.459381103515625;
68650000;-50.505222320556640625;
68665000;-47.622303009033203125;
68680000;-48.297824859619140625;
68695000;-47.503021240234375;
68710000;-48.622829437255859375;
68725000;-47.024044036865234375;
68740000;-47.770717620849609375;
68755000;-47.304653167724609375;
68770000;-47.051410675048828125;
68785000;-48.053401947021484375;
68800000;-47.571651458740234375;
68815000;-46.34371185302734375;
68830000;-45.849742889404296875;
68845000;-46.89205169677734375;
68860000;-43.800861358642578125;
68875000;-46.82810211181640625;
68890000;-47.12776947021484375;
68905000;-49.092037200927734375;
68920000;-47.2775421142578125;
68935000;-45.63181304931640625;
68950000;-46.04155731201171875;
68965000;-45.038509368896484375;
68980000;-46.88631439208984375;
68995000;-45.404388427734375;
69010000;-44.838481903076171875;
69025000;-44.992465972900390625;
69040000;-45.142116546630859375;
69055000;-43.2368011474609375;
69070000;-45.74187469482421875;
69085000;-44.33539581298828125;
69100000;-46.124950408935546875;
69115000;-45.770366668701171875;
69130000;-44.270648956298828125;
69145000;-45.850124359130859375;
69160000;-42.099163055419921875;
69175000;-43.44646453857421875;
69190000;-44.43762969970703125;
69205000;-44.76609039306640625;
69220000;-45.3127288818359375;
69235000;-42.975311279296875;
69250000;-41.09778594970703125;
69265000;-44.329837799072265625;
69280000;-44.73899078369140625;
69295000;-43.866695404052734375;
69310000;-43.9078216552734375;
69325000;-44.931835174560546875;
69340000;-44.883983612060546875;
69355000;-43.060817718505859375;
69370000;-43.1193084716796875;
69385000;-42.61278533935546875;
69400000;-42.61104583740234375;
69415000;-44.198085784912109375;
69430000;-43.030269622802734375;
69445000;-42.709209442138671875;
69460000;-43.227085113525390625;
69475000;-44.5690460205078125;
69490000;-45.800945281982421875;
69505000;-41.4655303955078125;
69520000;-44.561069488525390625;
69535000;-44.228466033935546875;
69550000;-44.977260589599609375;
69565000;-42.2642669677734375;
69580000;-43.626316070556640625;
69595000;-44.798450469970703125;
69610000;-42.726825714111328125;
69625000;-44.516651153564453125;
69640000;-42.418064117431640625;
69655000;-45.13922882080078125;
69670000;-43.145252227783203125;
69685000;-43.455902099609375;
69700000;-40.797008514404296875;
69715000;-46.10230255126953125;
69730000;-44.909027099609375;
69745000;-41.047351837158203125;
69760000;-39.77752685546875;
69775000;-45.450809478759765625;
69790000;-43.2374725341796875;
69805000;-43.1907501220703125;
69820000;-45.831691741943359375;
69835000;-42.56208038330078125;
69850000;-42.7332763671875;
69865000;-42.3734588623046875;
69880000;-41.485980987548828125;
69895000;-43.459606170654296875;
69910000;-41.141696929931640625;
69925000;-41.28491973876953125;
69940000;-41.68779754638671875;
69955000;-42.03564453125;
69970000;-42.52385711669921875;
69985000;-41.508777618408203125;
70000000;-43.018585205078125;
70015000;-43.171764373779296875;
70030000;-43.25771331787109375;
70045000;-39.84105682373046875;
70060000;-42.7319793701171875;
70075000;-42.8155975341796875;
70090000;-42.101024627685546875;
70105000;-43.871631622314453125;
70120000;-43.652904510498046875;
70135000;-42.64196014404296875;
70150000;-42.865131378173828125;
70165000;-45.068798065185546875;
70180000;-44.02428436279296875;
70195000;-45.325592041015625;
70210000;-42.99417877197265625;
70225000;-43.7609405517578125;
70240000;-41.7960357666015625;
70255000;-42.296161651611328125;
70270000;-46.895416259765625;
70285000;-43.4210662841796875;
70300000;-42.279537200927734375;
70315000;-42.231868743896484375;
70330000;-43.191192626953125;
70345000;-42.670196533203125;
70360000;-44.1367645263671875;
70375000;-41.02812957763671875;
70390000;-45.1773223876953125;
70405000;-47.804744720458984375;
70420000;-43.80271148681640625;
70435000;-44.26312255859375;
70450000;-43.622364044189453125;
70465000;-42.722766876220703125;
70480000;-43.821136474609375;
70495000;-45.545688629150390625;
70510000;-44.164241790771484375;
70525000;-44.89766693115234375;
70540000;-44.6618194580078125;
70555000;-44.5453948974609375;
70570000;-43.96636199951171875;
70585000;-42.774997711181640625;
70600000;-45.971988677978515625;
70615000;-41.6234283447265625;
70630000;-44.1423187255859375;
70645000;-44.344390869140625;
70660000;-44.362537384033203125;
70675000;-43.934818267822265625;
70690000;-42.27074432373046875;
70705000;-43.1046600341796875;
70720000;-43.477375030517578125;
70735000;-44.7975311279296875;
70750000;-44.5814361572265625;
70765000;-46.744861602783203125;
70780000;-42.70706939697265625;
70795000;-46.45699310302734375;
70810000;-43.32582855224609375;
70825000;-43.96428680419921875;
70840000;-46.36223602294921875;
70855000;-47.128406524658203125;
70870000;-45.463314056396484375;
70885000;-44.479274749755859375;
70900000;-44.316738128662109375;
70915000;-44.923397064208984375;
70930000;-45.498035430908203125;
70945000;-45.3437347412109375;
70960000;-47.45917510986328125;
70975000;-46.970745086669921875;
70990000;-47.16718292236328125;
71005000;-45.937892913818359375;
71020000;-47.509746551513671875;
71035000;-45.492786407470703125;
71050000;-47.0556488037109375;
71065000;-45.699615478515625;
71080000;-44.514404296875;
71095000;-47.5665435791015625;
71110000;-46.373798370361328125;
71125000;-47.518207550048828125;
71140000;-48.881313323974609375;
71155000;-47.731319427490234375;
71170000;-46.868526458740234375;
71185000;-50.4666900634765625;
71200000;-50.0550384521484375;
71215000;-47.46869659423828125;
71230000;-49.891845703125;
71245000;-48.16486358642578125;
71260000;-51.64235687255859375;
71275000;-48.207111358642578125;
71290000;-49.955047607421875;
71305000;-52.649623870849609375;
71320000;-51.806964874267578125;
71335000;-51.83441925048828125;
71350000;-49.44219207763671875;
71365000;-51.7196502685546875;
71380000;-56.164882659912109375;
71395000;-52.910541534423828125;
71410000;-52.1971282958984375;
71425000;-52.8665618896484375;
71440000;-51.752025604248046875;
71455000;-53.417781829833984375;
71470000;-53.213623046875;
71485000;-54.497638702392578125;
71500000;-50.5955963134765625;
71515000;-53.34882354736328125;
71530000;-55.064483642578125;
71545000;-55.106777191162109375;
71560000;-54.47196197509765625;
71575000;-56.391696929931640625;
71590000;-56.020854949951171875;
71605000;-55.953395843505859375;
71620000;-60.103534698486328125;
71635000;-56.74523162841796875;
71650000;-57.26117706298828125;
71665000;-56.503421783447265625;
71680000;-57.031375885009765625;
71695000;-56.79526519775390625;
71710000;-55.78070831298828125;
71725000;-55.5525360107421875;
71740000;-57.183605194091796875;
71755000;-58.446086883544921875;
71770000;-58.286792755126953125;
71785000;-55.8449554443359375;
71800000;-58.086803436279296875;
71815000;-57.86053466796875;
71830000;-56.9152374267578125;
71845000;-59.42993927001953125;
71860000;-59.715213775634765625;
71875000;-56.348575592041015625;
71890000;-56.22906494140625;
71905000;-60.987995147705078125;
71920000;-57.269977569580078125;
71935000;-59.68726348876953125;
71950000;-56.713230133056640625;
71965000;-56.37886810302734375;
71980000;-59.589054107666015625;
71995000;-58.812953948974609375;
72010000;-57.019580841064453125;
72025000;-56.233135223388671875;
72040000;-57.91602325439453125;
72055000;-58.21074676513671875;
72070000;-58.4857025146484375;
72085000;-60.294162750244140625;
72100000;-58.460636138916015625;
72115000;-57.458683013916015625;
72130000;-62.33080291748046875;
72145000;-61.473590850830078125;
72160000;-56.9212188720703125;
72175000;-58.79754638671875;
72190000;-57.8755645751953125;
72205000;-59.798427581787109375;
72220000;-58.1837921142578125;
72235000;-56.14599609375;
72250000;-56.72115325927734375;
72265000;-59.16028594970703125;
72280000;-58.10701751708984375;
72295000;-59.634952545166015625;
72310000;-57.726589202880859375;
72325000;-58.982807159423828125;
72340000;-58.63434600830078125;
72355000;-60.41535186767578125;
72370000;-61.2982635498046875;
72385000;-57.702777862548828125;
72400000;-58.7389984130859375;
72415000;-59.32292938232421875;
72430000;-58.345806121826171875;
72445000;-58.123500823974609375;
72460000;-60.3134002685546875;
72475000;-59.19977569580078125;
72490000;-57.043132781982421875;
72505000;-58.312286376953125;
72520000;-56.849124908447265625;
72535000;-58.43402099609375;
72550000;-58.59149932861328125;
72565000;-58.872081756591796875;
72580000;-61.001865386962890625;
72595000;-58.209278106689453125;
72610000;-60.545684814453125;
72625000;-57.886219024658203125;
72640000;-57.948665618896484375;
72655000;-60.375484466552734375;
72670000;-59.645366668701171875;
72685000;-58.975994110107421875;
72700000;-57.711978912353515625;
72715000;-58.721622467041015625;
72730000;-60.0986328125;
72745000;-59.005496978759765625;
72760000;-61.80030059814453125;
72775000;-58.17559051513671875;
72790000;-59.565521240234375;
72805000;-60.60575103759765625;
72820000;-61.06398773193359375;
72835000;-59.917449951171875;
72850000;-61.341152191162109375;
72865000;-59.614776611328125;
72880000;-60.50656890869140625;
72895000;-58.9521331787109375;
72910000;-58.278713226318359375;
72925000;-58.328533172607421875;
72940000;-58.35219573974609375;
72955000;-63.089595794677734375;
72970000;-59.693752288818359375;
72985000;-57.2123565673828125;
73000000;-62.715816497802734375;
73015000;-59.20738983154296875;
73030000;-59.451480865478515625;
73045000;-59.802097320556640625;
73060000;-60.76740264892578125;
73075000;-63.4476318359375;
73090000;-57.907154083251953125;
73105000;-60.996776580810546875;
73120000;-60.551425933837890625;
73135000;-58.2577056884765625;
73150000;-59.8059234619140625;
73165000;-60.760486602783203125;
73180000;-58.99723052978515625;
73195000;-58.52984619140625;
73210000;-58.39592742919921875;
73225000;-62.799419403076171875;
73240000;-59.008953094482421875;
73255000;-58.451663970947265625;
73270000;-60.044925689697265625;
73285000;-61.991607666015625;
73300000;-59.075008392333984375;
73315000;-58.941623687744140625;
73330000;-58.72763824462890625;
73345000;-59.35129547119140625;
73360000;-62.715747833251953125;
73375000;-60.577793121337890625;
73390000;-59.19852447509765625;
73405000;-60.8438873291015625;
73420000;-59.923412322998046875;
73435000;-59.004451751708984375;
73450000;-57.92733001708984375;
73465000;-60.509426116943359375;
73480000;-61.223651885986328125;
73495000;-59.407276153564453125;
73510000;-59.59328460693359375;
73525000;-58.6308441162109375;
73540000;-59.35974884033203125;
73555000;-60.68700408935546875;
73570000;-60.286163330078125;
73585000;-60.19149017333984375;
73600000;-59.25518798828125;
73615000;-62.0382843017578125;
73630000;-61.872226715087890625;
73645000;-61.0824127197265625;
73660000;-59.7558746337890625;
73675000;-58.578601837158203125;
73690000;-59.657367706298828125;
73705000;-58.775730133056640625;
73720000;-58.405826568603515625;
73735000;-59.52947998046875;
73750000;-59.994415283203125;
73765000;-59.71462249755859375;
73780000;-57.9499053955078125;
73795000;-58.8344268798828125;
73810000;-60.232852935791015625;
73825000;-58.52065277099609375;
73840000;-59.732120513916015625;
73855000;-58.114772796630859375;
73870000;-59.323978424072265625;
73885000;-59.852092742919921875;
73900000;-60.459442138671875;
73915000;-59.026210784912109375;
73930000;-59.028530120849609375;
73945000;-57.615428924560546875;
73960000;-59.08428955078125;
73975000;-58.782276153564453125;
73990000;-60.389080047607421875;
74005000;-61.01410675048828125;
74020000;-61.8201904296875;
74035000;-58.148681640625;
74050000;-59.535190582275390625;
74065000;-60.479656219482421875;
74080000;-59.33294677734375;
74095000;-60.80559539794921875;
74110000;-59.643951416015625;
74125000;-58.77941131591796875;
74140000;-61.08020782470703125;
74155000;-60.59680938720703125;
74170000;-59.5299835205078125;
74185000;-58.668827056884765625;
74200000;-59.879352569580078125;
74215000;-59.42424774169921875;
74230000;-60.171993255615234375;
74245000;-62.5879058837890625;
74260000;-60.435985565185546875;
74275000;-62.3858642578125;
74290000;-59.75812530517578125;
74305000;-60.079860687255859375;
74320000;-60.639095306396484375;
74335000;-58.7544708251953125;
74350000;-62.49991607666015625;
74365000;-59.484279632568359375;
74380000;-61.067352294921875;
74395000;-59.68573760986328125;
74410000;-63.12035369873046875;
74425000;-57.53240203857421875;
74440000;-59.377368927001953125;
74455000;-59.129093170166015625;
74470000;-59.490142822265625;
74485000;-60.33402252197265625;
74500000;-60.6977996826171875;
74515000;-60.406795501708984375;
74530000;-58.916149139404296875;
74545000;-62.16277313232421875;
74560000;-60.37371826171875;
74575000;-59.988628387451171875;
74590000;-62.95122528076171875;
74605000;-61.082271575927734375;
74620000;-59.053218841552734375;
74635000;-59.513217926025390625;
74650000;-59.177921295166015625;
74665000;-59.543384552001953125;
74680000;-64.3363800048828125;
74695000;-57.7713623046875;
74710000;-59.121318817138671875;
74725000;-59.981693267822265625;
74740000;-59.43609619140625;
74755000;-62.136692047119140625;
74770000;-61.6632537841796875;
74785000;-60.066318511962890625;
74800000;-60.295406341552734375;
74815000;-59.9854736328125;
74830000;-59.223567962646484375;
74845000;-60.022602081298828125;
74860000;-59.24964141845703125;
74875000;-59.700130462646484375;
74890000;-58.438137054443359375;
74905000;-58.597591400146484375;
74920000;-58.227199554443359375;
74935000;-57.452816009521484375;
74950000;-60.32508087158203125;
74965000;-60.50968170166015625;
74980000;-59.46616363525390625;
74995000;-59.948032379150390625;
75010000;-60.0276947021484375;
75025000;-61.869861602783203125;
75040000;-60.58130645751953125;
75055000;-61.290149688720703125;
75070000;-59.4200439453125;
75085000;-59.48321533203125;
75100000;-58.69134521484375;
75115000;-62.1216888427734375;
75130000;-60.4614715576171875;
75145000;-59.77199554443359375;
75160000;-58.02422332763671875;
75175000;-59.305572509765625;
75190000;-62.197399139404296875;
75205000;-58.4459686279296875;
75220000;-61.8535308837890625;
75235000;-57.88426971435546875;
75250000;-57.988353729248046875;
75265000;-59.972705841064453125;
75280000;-58.4272613525390625;
75295000;-59.944736480712890625;
75310000;-57.94843292236328125;
75325000;-57.506809234619140625;
75340000;-57.29669952392578125;
75355000;-57.4181671142578125;
75370000;-61.948345184326171875;
75385000;-58.561779022216796875;
75400000;-59.20262908935546875;
75415000;-57.05644989013671875;
75430000;-59.317584991455078125;
75445000;-57.108600616455078125;
75460000;-57.158351898193359375;
75475000;-58.205181121826171875;
75490000;-57.503780364990234375;
75505000;-59.876903533935546875;
75520000;-57.381961822509765625;
75535000;-60.5813751220703125;
75550000;-59.68920135498046875;
75565000;-56.74100494384765625;
75580000;-59.197662353515625;
75595000;-57.2421875;
75610000;-58.025455474853515625;
75625000;-58.432247161865234375;
75640000;-58.57122802734375;
75655000;-58.98055267333984375;
75670000;-57.481761932373046875;
75685000;-59.8289947509765625;
75700000;-58.83081817626953125;
75715000;-54.91468048095703125;
75730000;-58.163585662841796875;
75745000;-57.83905792236328125;
75760000;-57.812824249267578125;
75775000;-56.87026214599609375;
75790000;-59.50363922119140625;
75805000;-56.006977081298828125;
75820000;-58.15779876708984375;
75835000;-57.771148681640625;
75850000;-59.46910858154296875;
75865000;-58.24213409423828125;
75880000;-57.789409637451171875;
75895000;-57.845989227294921875;
75910000;-57.22856903076171875;
75925000;-57.30977630615234375;
75940000;-56.954067230224609375;
75955000;-57.998119354248046875;
75970000;-57.19261932373046875;
75985000;-58.778240203857421875;
76000000;-56.78696441650390625;
76015000;-57.234302520751953125;
76030000;-57.166362762451171875;
76045000;-58.797260284423828125;
76060000;-57.29267120361328125;
76075000;-57.88364410400390625;
76090000;-56.316326141357421875;
76105000;-57.068912506103515625;
76120000;-56.3654632568359375;
76135000;-59.44995880126953125;
76150000;-57.3881988525390625;
76165000;-56.456813812255859375;
76180000;-56.9481658935546875;
76195000;-56.698719024658203125;
76210000;-59.049652099609375;
76225000;-55.14998626708984375;
76240000;-61.86666107177734375;
76255000;-55.774532318115234375;
76270000;-57.158050537109375;
76285000;-56.633846282958984375;
76300000;-55.77727508544921875;
76315000;-56.41611480712890625;
76330000;-55.66844940185546875;
76345000;-56.4229583740234375;
76360000;-55.4932403564453125;
76375000;-58.792446136474609375;
76390000;-58.3586883544921875;
76405000;-57.236968994140625;
76420000;-56.752590179443359375;
76435000;-55.081180572509765625;
76450000;-56.7696075439453125;
76465000;-53.850231170654296875;
76480000;-57.450305938720703125;
76495000;-54.747577667236328125;
76510000;-54.493015289306640625;
76525000;-55.899322509765625;
76540000;-54.8363189697265625;
76555000;-55.50446319580078125;
76570000;-57.049312591552734375;
76585000;-59.573635101318359375;
76600000;-55.214344024658203125;
76615000;-55.75251007080078125;
76630000;-55.66188812255859375;
76645000;-57.148693084716796875;
76660000;-55.82457733154296875;
76675000;-56.022579193115234375;
76690000;-56.56641387939453125;
76705000;-55.250415802001953125;
76720000;-53.407932281494140625;
76735000;-55.9887847900390625;
76750000;-59.148113250732421875;
76765000;-56.38838958740234375;
76780000;-56.3888397216796875;
76795000;-54.8865509033203125;
76810000;-52.7809295654296875;
76825000;-56.266357421875;
76840000;-57.043331146240234375;
76855000;-57.351055145263671875;
76870000;-55.892482757568359375;
76885000;-56.33234405517578125;
76900000;-56.42230987548828125;
76915000;-57.484832763671875;
76930000;-56.401088714599609375;
76945000;-56.15444183349609375;
76960000;-53.653125762939453125;
76975000;-54.9398956298828125;
76990000;-56.915557861328125;
77005000;-58.047023773193359375;
77020000;-54.490375518798828125;
77035000;-57.029109954833984375;
77050000;-54.728851318359375;
77065000;-55.292301177978515625;
77080000;-55.5066070556640625;
77095000;-57.448657989501953125;
77110000;-57.24066925048828125;
77125000;-55.77808380126953125;
77140000;-57.789470672607421875;
77155000;-57.5196380615234375;
77170000;-55.9624786376953125;
77185000;-55.5194244384765625;
77200000;-54.47893524169921875;
77215000;-57.2344970703125;
77230000;-54.716632843017578125;
77245000;-56.3937225341796875;
77260000;-55.016872406005859375;
77275000;-58.941982269287109375;
77290000;-57.144161224365234375;
77305000;-57.341327667236328125;
77320000;-55.445224761962890625;
77335000;-54.9061431884765625;
77350000;-54.930721282958984375;
77365000;-53.561100006103515625;
77380000;-56.719951629638671875;
77395000;-58.122699737548828125;
77410000;-56.36029815673828125;
77425000;-53.868762969970703125;
77440000;-56.474765777587890625;
77455000;-56.60373687744140625;
77470000;-56.1451873779296875;
77485000;-57.3797454833984375;
77500000;-58.17734527587890625;
